Transaction ID,1,prox,2,prox,3,prox,4,prox,5,prox,6,prox,7,prox,8,prox,9,prox,10,prox,11,prox,12,prox
1,348,0.02583336632362976,129,0.042555887602399846,334,0.06136638605658694,273,0.06445963851224887,384,0.0659759646057529,349,0.06597596460575292,191,0.0674013276774037,102,0.0726316434306936,267,0.08586743048768654,284,0.08686240339145548,346,0.0919352772142664,237,0.09263533222918237
2,437,0.08179088267311119,510,0.08367390140853302,240,0.1375205908288284,25,0.16493436128794395,307,0.1678439340694203,495,0.1788324147157116,134,0.18043231405052182,389,0.1875154034554024,420,0.187968961292887,181,0.18892302706093375,254,0.19200533668839231,330,0.1929640306163589
3,90,0.024453645215392367,515,0.061341253363852086,316,0.07010744661429724,354,0.07584314499979566,351,0.07828022635110597,173,0.08744681771841649,299,0.08768498358397395,170,0.08957995937027732,227,0.0918354901729096,294,0.09273793392794313,499,0.09488615590303753,81,0.09894781051678052
4,251,0.30399223626503574,130,0.3065633920604322,454,0.3146915124857106,124,0.3302037019981654,66,0.3322783233450904,303,0.3396697756616164,36,0.3507240091208664,404,0.37259133725464855,333,0.3843635802611016,190,0.4038467525884083,221,0.4063504311318418,483,0.42057905618562125
5,269,0.05584608355039636,367,0.09934995561608881,439,0.12814171971199742,51,0.15382305596064832,245,0.1612008455017834,453,0.16817546543272094,52,0.1724993407942302,189,0.17723275392667417,65,0.17879833910723214,112,0.18089560371468022,308,0.1891277568088461,370,0.1954813194006507
6,401,0.0716315656147605,424,0.10611169643015811,60,0.13482299070212136,136,0.16432418529850445,481,0.1747634983154046,361,0.17583963926857132,520,0.1783336035933435,280,0.18432670255876835,306,0.18668865567226173,473,0.18950916462551629,374,0.19152410350311372,359,0.20254710650113478
7,231,0.08851183995636307,144,0.09479429264961184,430,0.12196483298545915,356,0.14891957688973737,186,0.15767504949765956,128,0.17437905253038724,355,0.1805986642025689,64,0.18497041647993268,440,0.18956435818153844,8,0.19336218994001392,265,0.19476793156508057,321,0.19859829377571142
8,17,0.07420069218733098,442,0.08761016078230462,279,0.09191851583989348,68,0.09665113217513284,351,0.10400132570641239,227,0.10677712652192153,64,0.11513953384454803,241,0.12495733476286756,90,0.13852953734502355,321,0.13990754256261162,420,0.14730779422897994,3,0.14979874891279357
9,296,0.03384609692755233,263,0.07523010840337437,245,0.13941717316165955,458,0.14223109533428524,336,0.14489923943149713,119,0.15403032014790727,204,0.17868178175738814,196,0.2160557339950561,416,0.2499053072377386,41,0.25354410031195923,70,0.2622282762679814,367,0.2664680015545886
10,181,0.11181239672699156,96,0.12755596492089458,298,0.1333207130877069,375,0.1395594017104054,330,0.1409912426865652,435,0.14298119604158838,29,0.14673721012931054,273,0.1487012283317587,191,0.14926141788268696,443,0.15074960323301964,101,0.15216513947953303,264,0.16006738173059215
11,187,0.03673043386355229,448,0.11932654056666059,249,0.19364343981057514,423,0.2089188077400884,378,0.2097960446116349,261,0.2301779169505002,496,0.25137184370356197,163,0.2629530828676821,511,0.27305287503946735,262,0.2874120050327208,250,0.29166049780904996,79,0.3161713324802339
12,97,0.16101074781236555,363,0.17676992955483306,151,0.18126646488565176,427,0.20350844384904157,32,0.23266977670739394,429,0.23607523390184557,221,0.2816969484506705,347,0.2879663134708321,483,0.30955022429828855,432,0.3352360378230205,205,0.33874795594594154,404,0.3443957977774576
13,121,0.049989106836966765,258,0.149282548355218,189,0.1600995345264543,476,0.1606378613034252,52,0.16352954900767983,302,0.168833497038716,148,0.17457040099009552,84,0.18040741613508937,466,0.18441035735970784,412,0.18740919994065375,469,0.1887217765964805,453,0.19756953079558562
14,439,0.21886026755750676,138,0.28778642128915355,5,0.29167765249781635,270,0.30039111823515785,72,0.30543025051159667,269,0.31229461674506853,370,0.3137986843498093,245,0.34049470004637794,367,0.3427673612087984,485,0.34404298783420756,119,0.3486035106875553,509,0.3647538633496755
15,414,0.03819482149272975,179,0.06077214727712354,465,0.07669442657089363,345,0.08396982617268137,99,0.08863813734616702,323,0.09134380968477582,116,0.09528615969983617,101,0.1039592054757491,275,0.11014858276565193,35,0.11079601550013496,211,0.11604370079765258,271,0.12343201357247598
16,400,0.13185479830169977,26,0.15271073956494705,399,0.17083029594772675,127,0.17107945822639692,118,0.17519242484943723,230,0.19550705175868358,472,0.202479242118404,217,0.20366613285323404,117,0.21669610608143308,312,0.2219290343591433,115,0.22621250297742843,364,0.24625501016353774
17,8,0.07420069218733098,227,0.08495647653913947,68,0.09488849772356751,90,0.103481722471726,279,0.10417363479959614,442,0.11066956412676641,351,0.11503081912906639,64,0.11724536458836769,3,0.11754548312666419,241,0.1368991339461769,420,0.14936773286313887,354,0.14992441739494694
18,507,0.015744786593409887,357,0.06783094478301109,131,0.06809794424813381,61,0.06974362900407423,409,0.07029073900655888,373,0.07213669742570987,457,0.07372663370562907,157,0.0804725527060378,287,0.08382669397688015,222,0.0925316756029696,327,0.09742402924629605,226,0.10139726645531608
19,366,0.06436812340687442,114,0.1404368475297138,147,0.14257561632479457,492,0.15709736532654428,47,0.1677901720939958,451,0.1746358816402831,241,0.18223097008837708,88,0.18629752942036473,379,0.1871431496499871,329,0.18748432442986845,419,0.18921648089819532,126,0.19329922597399937
20,433,0.04176993886516908,30,0.05313225860115367,390,0.07169390622471392,516,0.08487159289625872,405,0.08826779772939017,27,0.08939886414721583,209,0.09113134671382773,80,0.09676425618781177,85,0.09937958888305089,83,0.10674708768665125,48,0.11532860375140705,38,0.12021872791147258
21,257,0.0881030419968609,394,0.09152878586479564,104,0.13097433947661768,75,0.15223534243877748,397,0.1916726022953983,220,0.1944675044066265,140,0.2136634329460095,494,0.21689997417155932,146,0.2171751562178986,403,0.22251235992716217,40,0.2238301013944785,132,0.2241711705422663
22,179,0.0942832208284677,275,0.1050085064546151,326,0.10889193329814861,465,0.11034790551585191,43,0.11092383275297726,39,0.12151287749180059,345,0.12651945845416282,248,0.13105235063060308,15,0.1427771349323968,211,0.14321773975389762,323,0.14923060010125108,282,0.15036057374197526
23,402,0.06777559715861442,141,0.08490515571221352,201,0.10294208785975262,188,0.13797364085906774,247,0.14512504949919633,260,0.15149142990518372,194,0.15199483151884108,487,0.15498304179309996,156,0.1589722494580684,477,0.1625086584717546,307,0.1700463551958284,160,0.17215402779183667
24,206,0.19556819397660194,156,0.2005664376303735,247,0.21778842898050696,193,0.21890509781926695,214,0.2838054542064912,474,0.2856469914633101,487,0.32380418518787657,295,0.32478604431412295,402,0.32781406940470814,141,0.3292182003661678,468,0.3304005095436792,23,0.33825228188600315
25,510,0.12955057203524664,2,0.16493436128794395,495,0.20384256321546237,437,0.21390718170412806,259,0.21565627894387293,423,0.25041334232654006,110,0.2626722970776015,233,0.2635200009215327,98,0.26758204708724,69,0.26872944294825174,307,0.27092553504254563,240,0.27662503019064694
26,230,0.11289108490173455,472,0.12818645185830482,217,0.14686321816498063,16,0.15271073956494705,127,0.1695270311379672,117,0.18374249910234672,219,0.1901993824456874,167,0.19037896111787717,118,0.20064548650211045,62,0.20238839909573442,471,0.20428583012398474,393,0.20833107625614022
27,405,0.0019949268086455474,48,0.02888321831170285,30,0.038770994247810685,172,0.06016400322805408,209,0.07252851167384913,180,0.07267219245697128,237,0.0726759249574839,54,0.08000897456484252,85,0.08226592028354222,71,0.08230984975260462,20,0.08939886414721583,80,0.08992391379043377
28,379,0.03344186704816721,386,0.0443792141860314,108,0.06731350266283638,419,0.0792833985878549,114,0.0817706511043616,31,0.08683939688351128,377,0.08853841203441865,88,0.09380063232891166,389,0.10026089516227871,63,0.10283358437802559,160,0.10338010825517513,492,0.10501548780947116
29,298,0.032447401124276,264,0.09572547567342024,134,0.09803043638018848,267,0.10084559707250973,334,0.10095651037244593,384,0.10685997786266267,349,0.11746740339043257,332,0.11752495306171613,409,0.120345023426123,346,0.1216096761923232,457,0.12349588638056733,1,0.12449994794908581
30,405,0.03815711712670325,27,0.038770994247810685,20,0.05313225860115367,48,0.06246427141311186,209,0.064715713946669,85,0.07256043450229255,80,0.07536303086221081,516,0.0812084480247406,83,0.08329625113800694,172,0.0867606305435669,390,0.08831724564243804,497,0.09101140690155522
31,379,0.08677699358703166,28,0.08683939688351128,419,0.10352949182864146,114,0.10370564632926785,108,0.10438829183704056,386,0.10596574871358842,88,0.11599976726678136,492,0.11707850614711651,321,0.12068504166704161,377,0.12468426480833983,47,0.128031190311282,147,0.1334380104828817
32,429,0.08343480468518709,151,0.15960975459013646,347,0.16554544727571102,363,0.1710350878455618,432,0.19043387267663042,404,0.2201911850721514,504,0.22788602507912775,12,0.23266977670739394,221,0.27169395563128695,190,0.27589595380997617,427,0.2951845871406461,483,0.3157767702457054
33,92,0.07044492872789883,177,0.09103679926750266,463,0.10110983476391971,101,0.11995180926266348,224,0.13453031135353474,164,0.14830050630740474,312,0.1631535605071813,167,0.16469824081775386,288,0.16493273826178295,364,0.16707344820385897,391,0.17338005317763636,508,0.1757824304087511
34,297,0.25473286715181365,133,0.2576722506725728,256,0.2680438128498874,123,0.3116522616883857,79,0.33232911595881576,337,0.35653854923506595,426,0.3822037439176621,353,0.39025214475916487,448,0.4120095639531705,461,0.4156794280363741,262,0.4163892664085723,503,0.4265781825598587
35,479,0.038110166644753043,318,0.07938717115442384,467,0.09209669757875834,15,0.11079601550013496,478,0.11287314694194635,101,0.11603957879525406,428,0.1189368703630863,116,0.12282528935126472,392,0.12505301836904836,414,0.1294018850087793,514,0.13319793704521704,99,0.1367114692749687
36,454,0.08056977445571017,303,0.12048108971383963,130,0.1449856176255606,404,0.15142347474765566,504,0.21595313161388643,221,0.21690216344094804,155,0.21706038610347284,432,0.2272071435086705,347,0.24704457531696633,226,0.2567047904477972,292,0.2594377246121514,190,0.26054580430801244
37,113,0.0842844343639009,242,0.08437390806172594,421,0.08738805632636203,65,0.09806044906040258,466,0.10411443372194099,112,0.11171301420937871,84,0.11580451715838738,396,0.12225083722207496,70,0.13118650065275542,380,0.13271857257535294,367,0.15982840849228927,445,0.16005106772660968
38,83,0.0678451188592938,46,0.07878423312064621,30,0.11206301887462418,20,0.12021872791147258,103,0.13077553778984108,433,0.13186508812723266,516,0.13344577032611124,27,0.13394500784484795,54,0.1341500793280609,405,0.13462231581280384,80,0.13615466935939707,172,0.13778042897171677
39,326,0.09605352631459455,484,0.1200526594235794,22,0.12151287749180059,417,0.12831586715488255,444,0.13791548546904966,179,0.15931887007505915,43,0.17356819106088134,275,0.17513078037274152,103,0.1765704893942878,282,0.1778453424653116,465,0.1931941833365298,223,0.1990271359686254
40,362,0.09656076032698949,353,0.11069752008369588,394,0.15477616702164157,461,0.15814003974239185,503,0.16001320753947673,383,0.16232015150343235,314,0.16538442028842787,257,0.1850642263953796,397,0.1855809308476805,403,0.18659411626057457,244,0.1922495699563667,132,0.19614401924853336
41,311,0.09068754666161497,58,0.1950044205414976,296,0.2511987274210543,263,0.25221771155165956,9,0.25354410031195923,86,0.2760898427126064,245,0.28834896639883545,411,0.29516144365709696,336,0.30764573975212245,119,0.33341475921785335,204,0.3366289647775769,95,0.3439863289017834
42,213,0.01696054532825927,498,0.06460962084165442,274,0.08536986915629889,418,0.11465429072289286,440,0.13262322020574152,410,0.1343119224000355,175,0.15885372284017946,520,0.16469163241147827,223,0.16761208327220908,231,0.16924150061432217,64,0.18456140773067764,424,0.18636837208002946
43,275,0.025000049514380583,248,0.06640980429845222,465,0.07171968323479926,103,0.08690842154099607,142,0.08773928391582075,179,0.09164461989989406,345,0.10301264243809616,282,0.10859716767742408,22,0.11092383275297726,326,0.12388538085764535,414,0.1264265062468449,15,0.13495791728072035
44,490,0.0482815059808424,342,0.05643718766325148,63,0.05896395628515691,486,0.06158261796684143,415,0.061749791418036465,389,0.07376215465685335,502,0.07461587957668081,216,0.0787990492575004,339,0.08101615542200603,386,0.0813276937967418,235,0.12280293822332614,28,0.1241868423412298
45,135,0.0690541234391084,53,0.10732954146476624,248,0.12613668206608405,301,0.13471012164099405,323,0.13542340391598895,345,0.1359791717675029,99,0.14372554379557614,305,0.14526205851433396,225,0.151844227251427,465,0.15728774655127492,116,0.15914123643935238,275,0.1763552385550323
46,83,0.03121069597843895,294,0.06902234024953464,38,0.07878423312064621,497,0.08571281643022428,80,0.09299760155679279,85,0.09660999390555522,76,0.09750169002977323,172,0.10122295013826106,387,0.1017317282837698,354,0.10236320644846564,516,0.10242831670760226,341,0.10875784434661002
47,88,0.04264151462112765,126,0.055683559689267026,451,0.05934220990671673,325,0.06825484977950559,114,0.07130126566145786,108,0.07349426250077547,492,0.08080893856346898,147,0.08387373636687785,419,0.09601254095215211,379,0.09680288531607371,321,0.09895252180780194,377,0.10978681068920286
48,27,0.02888321831170285,405,0.030703160588892962,172,0.03273265338476983,237,0.05057746799504876,71,0.054292896074628845,30,0.06246427141311186,180,0.06312148214264243,54,0.0660157568180251,358,0.07578888743221854,209,0.08233967419384176,497,0.08380006572732597,96,0.08682964663648447
49,302,0.08391620110516668,20,0.12686579066677361,433,0.1277407436007117,84,0.13042791302858933,148,0.13313629538094357,374,0.14357185422408267,466,0.15142910758558678,421,0.151516770982838,107,0.1551576928399131,30,0.15578141520496505,258,0.16168536961176594,412,0.16317971608864992
50,144,0.14265636587689107,128,0.16398856457811342,186,0.1900551200716551,356,0.19524047274761014,430,0.1964926115386915,7,0.20053045824059132,124,0.21479094067030113,355,0.23637627212537646,371,0.2475738890537772,159,0.25683059612253356,236,0.2682492928748837,231,0.27619163111714434
51,269,0.1477714394074465,367,0.1508519260322941,5,0.15382305596064832,506,0.15384399391176368,453,0.17400483637737005,52,0.1957710229567675,65,0.19615983749943575,121,0.19803709627360555,189,0.19911743064606166,112,0.21533136951393678,370,0.21749456702175446,123,0.2218073225408293
52,189,0.006605717909422437,453,0.07634578697432828,269,0.11976224777703758,258,0.12171926832536126,112,0.12436568712215655,308,0.12960881491086262,65,0.13410587775626903,466,0.14166175036153908,84,0.1516540082828706,367,0.15489898787169792,380,0.16043157472581468,13,0.16352954900767983
53,225,0.09035161897696344,135,0.09287932438398985,192,0.10362407054742175,45,0.10732954146476624,305,0.13621688350419106,301,0.13857034114639172,57,0.14818057879022825,323,0.15121230669414698,449,0.1554204371671182,153,0.15621694166436356,345,0.15746538671652144,99,0.1575307828731258
54,172,0.06549621197485878,48,0.0660157568180251,71,0.07082837641615039,89,0.07242068130334124,237,0.07253361405984957,27,0.08000897456484252,405,0.08111315092315909,443,0.08155334327931665,191,0.10184629596794945,30,0.10396236455590767,96,0.1062737938657327,273,0.10713848835139873
55,183,0.06003878523596299,115,0.08922813193862986,243,0.13458984639093166,120,0.14103001858210362,125,0.14118710111600047,340,0.15026181764168495,139,0.16745215822505546,470,0.2174917367615496,400,0.2433969601664196,277,0.26073350816865054,310,0.26412802364432664,436,0.26609219846232735
56,494,0.05709070872566864,224,0.06105839679972596,220,0.06942949954807814,132,0.08329889523010779,397,0.08850535672444307,219,0.10744794069056465,493,0.11940617212986775,217,0.12631838446368188,467,0.14851313514014186,101,0.1491468439632911,391,0.15231432227095895,460,0.15232892720288513
57,508,0.0625262807066595,192,0.06434845479810203,381,0.11540861503522383,53,0.14818057879022825,364,0.16386293392496631,480,0.17031523716629773,310,0.17242109398799002,93,0.17530735202943268,449,0.1754403259201343,164,0.17554957503491608,301,0.17638778430384622,330,0.1804048534814697
58,41,0.1950044205414976,311,0.22260116152399523,336,0.2575200414744048,411,0.287867638250166,232,0.2917024359766212,365,0.30026821685925925,9,0.30276428942646993,86,0.3059312684607848,296,0.3071494993092159,155,0.32364434354953986,263,0.32842439447695093,458,0.3286480313616337
59,359,0.02726987106765135,387,0.07288963259904732,481,0.08234396831650018,180,0.0840704228699302,358,0.09477414906058541,209,0.09860103755447128,497,0.10094137081913278,341,0.1022830146627148,85,0.10327779499102299,48,0.10419144924632326,284,0.10705699434257485,27,0.10756907663372421
60,6,0.13482299070212136,374,0.13969908057193162,401,0.14527425025360344,473,0.16057659785948633,433,0.16794099726358877,20,0.17544600820347767,331,0.18109507682855858,341,0.18164552988830465,424,0.18854304081216433,390,0.19026150953159332,361,0.19794592958194338,59,0.19798224706626041
61,18,0.06974362900407423,507,0.08477648606577133,368,0.10290802760282955,131,0.10758712709385554,222,0.11937818136474827,512,0.12845701665036455,457,0.12933247823816,502,0.1337297937579627,157,0.1348470631175059,357,0.13520925139913137,409,0.13571742100492995,327,0.13934672265511408
62,315,0.13852052856600963,234,0.15684104817741384,304,0.1613228487312052,26,0.20238839909573442,230,0.20892826603961234,472,0.2257138512832769,131,0.22918343547731287,327,0.2348781443946247,16,0.24788917813482353,203,0.253403498523374,61,0.2549595486042557,393,0.27093183555629136
63,44,0.05896395628515691,386,0.06142121828165563,415,0.06839545738556464,342,0.09352521051251009,490,0.09918580590416838,28,0.10283358437802559,389,0.1085256149059916,502,0.11188835154394189,486,0.11805210590286952,160,0.12162161157069544,307,0.12498371284636395,477,0.1325668282846373
64,223,0.09540340453429477,440,0.098343002205712,8,0.11513953384454803,17,0.11724536458836769,231,0.12317020471329675,274,0.12720244775670997,417,0.1375785715982464,68,0.15903808734113126,444,0.15941916868687597,351,0.16839785743604294,279,0.17529906716924812,90,0.17858868968971683
65,113,0.05033954816590538,242,0.06247914936671091,112,0.06392235578767032,466,0.06932569056503102,84,0.09277863995772873,367,0.09403362514635925,37,0.09806044906040258,476,0.11595865077086794,396,0.12195903150366193,189,0.13203226665517873,52,0.13410587775626903,70,0.1451405765732567
66,404,0.23270427145641023,333,0.25696807473761296,303,0.2617180504754133,221,0.2714140995393744,36,0.30265724689066664,251,0.30354140077073627,32,0.31713972577909016,454,0.3221493258486389,4,0.3322783233450904,347,0.3355821730667062,130,0.3368223005866826,151,0.339545712051404
67,290,0.20831605534315334,511,0.300855199304613,69,0.3030001338063716,249,0.30538419856720134,163,0.3107992261757954,110,0.33644107929695594,262,0.3534768773924573,259,0.36011370573779306,378,0.3716125633540736,261,0.37363693915237506,188,0.3754049479170851,260,0.37590002868472655
68,420,0.06308072369944473,329,0.08228303488974678,170,0.0838286886101479,299,0.08462584581921813,227,0.09235869700288035,17,0.09488849772356751,8,0.09665113217513284,241,0.09864150430209977,351,0.1027391581799642,419,0.11328522593298944,90,0.11408831018721798,3,0.11566157254024097
69,260,0.13026826792407753,259,0.14956143527767135,98,0.18036781455351913,109,0.1870423562317325,307,0.21040364858672336,2,0.21551604371122038,511,0.21587169773007708,254,0.21848188698326318,163,0.22125893937575575,437,0.22187480814018112,188,0.22285305625150484,201,0.22336738792681612
70,168,0.06701726771105075,445,0.06841904415256389,396,0.07327600493782524,475,0.0851578870843141,78,0.09187242195659709,242,0.09278712262240786,113,0.10583914364492103,324,0.11797446465692352,112,0.1201055920744084,37,0.13118650065275542,421,0.1356574638829173,466,0.13575512104857929
71,237,0.029401572022584557,172,0.037322795234324,191,0.049929197678689495,48,0.054292896074628845,273,0.06125282478714275,284,0.06681705168185663,438,0.07019497542823247,54,0.07082837641615039,358,0.07247288771002741,81,0.07804622260235158,180,0.07888687833874385,348,0.08029308330407933
72,509,0.13006952859091028,178,0.16933801488466366,306,0.17032299937189013,138,0.1747567854825517,252,0.19796428275990596,361,0.215419722638397,331,0.21909613828028227,473,0.24830113369778306,401,0.27362204732663886,439,0.2978770165894132,14,0.30543025051159667,37,0.3205739732159438
73,106,0.08602621095221907,449,0.09860360536078763,436,0.10818154497194093,343,0.12505897790022852,377,0.12646613871935725,325,0.13128620494519275,305,0.14058208932190322,477,0.14497474455394008,108,0.14885342030069887,88,0.15116783527171493,310,0.15147560794869852,451,0.1517732987265101
74,288,0.20652037084878622,313,0.2086548174874277,77,0.22231889190272647,137,0.2557207634919075,92,0.2583628600367495,177,0.2656059238315884,195,0.27053540964832606,228,0.27141401249370745,262,0.2760943595393457,314,0.27776293197525576,33,0.27827133616394606,391,0.2801269293520409
75,21,0.15223534243877748,104,0.17501219722076625,257,0.18231478249485522,146,0.21724675752549225,394,0.22825209351139675,140,0.24352260397878048,167,0.24372699833123512,230,0.2591854079613403,26,0.2595953835880788,472,0.2641830501506822,220,0.26724978633712326,393,0.2695295436712336
76,497,0.07154222282374088,294,0.07769522821220877,80,0.07811629731446594,85,0.07882805926728254,516,0.091331772934713,209,0.09183090877512798,83,0.09487996409383764,46,0.09750169002977323,358,0.09922297154527336,180,0.10265375380594055,81,0.10440035955391899,499,0.10742219516719058
77,238,0.08907794729667984,92,0.13317109100124302,164,0.16012848085573325,177,0.16310901418653972,312,0.17138887277699794,195,0.18664756000620064,33,0.19424271647172242,463,0.19718951000598084,460,0.19821841566249648,207,0.21970234360753746,117,0.22078471621692067,277,0.2209412155715636
78,168,0.06379206936454554,272,0.07536566412939963,445,0.07972751332476459,475,0.07999836374908639,70,0.09187242195659709,210,0.09530208109193766,143,0.09795530880183015,87,0.10070624469449538,489,0.11214646560353947,166,0.12272162897203201,338,0.12582016181875602,286,0.12639930559194668
79,337,0.21504751827129304,469,0.21616519667836812,121,0.23032247478225656,13,0.23812088982915486,448,0.2427714898029518,171,0.24460565456775696,133,0.25748419189550087,412,0.2710833202251398,297,0.27598496563630165,476,0.2826219687237459,461,0.293357452123484,496,0.303871789709025
80,85,0.012203686088612985,516,0.029587638500001515,209,0.030041939597871548,497,0.040099484745112,390,0.06002137083921058,180,0.07440990264763206,83,0.07485115074699172,30,0.07536303086221081,387,0.07804733701937512,76,0.07811629731446594,294,0.08061618136659093,358,0.08726693599027743
81,284,0.02594859341499303,358,0.026340960735612706,180,0.060373619404956946,316,0.06230961385172196,497,0.06441459714323278,102,0.06747823549382187,172,0.07236577273151278,294,0.07347860544624568,71,0.07804622260235158,348,0.08692654654622593,438,0.08881694953304062,48,0.09325339071517047
82,324,0.08517183076663769,200,0.09677141888232123,475,0.10571386921284832,452,0.10648245969642356,91,0.1173840806516419,445,0.11753250207212662,412,0.11847229787345456,338,0.12201408631452543,148,0.13898770968457322,209,0.13899656313620304,180,0.1411967265787978,374,0.1425342432585679
83,46,0.03121069597843895,38,0.0678451188592938,80,0.07485115074699172,497,0.07929462596510545,85,0.07947430774944521,516,0.08000110269760546,294,0.08216080927976642,30,0.08329625113800694,209,0.09412356215511847,76,0.09487996409383764,172,0.09765264673738575,387,0.09858814220243427
84,466,0.023453677628714396,113,0.06799131692386468,396,0.0833774461649199,302,0.0844848720048667,242,0.08992586769515942,476,0.09101402881056579,65,0.09277863995772873,148,0.09283835146547795,421,0.10197973822896769,112,0.10284636918904438,37,0.11580451715838738,258,0.12809447589998238
85,80,0.012203686088612985,209,0.021739348064084063,497,0.03365881120161266,516,0.0404296324967665,180,0.06235982854618074,390,0.06846402080946784,30,0.07256043450229255,387,0.0768601830708559,358,0.0770475113007288,76,0.07882805926728254,83,0.07947430774944521,294,0.08108142087592818
86,411,0.08777296699322101,199,0.17851563261699915,232,0.21949285442969668,229,0.22191485692400068,519,0.24757253962104278,41,0.2760898427126064,94,0.2841210138262992,246,0.2901604798649964,149,0.2943798969155177,58,0.3059312684607848,311,0.31788831906937065,308,0.3261690076802023
87,489,0.07319692891253815,272,0.07345366427266391,286,0.07882415118906215,78,0.10070624469449538,293,0.10921851204458839,210,0.11178212685544596,158,0.12031315948986088,143,0.1250834574385956,397,0.1396189157142456,375,0.14132050260547985,168,0.14596616044213198,338,0.1466213272894913
88,451,0.03442601641432246,47,0.04264151462112765,108,0.046556696932661866,114,0.06371787740132237,377,0.06728371802682816,325,0.07240393203464038,379,0.07331051362210925,126,0.08578114829466066,28,0.09380063232891166,492,0.10291955371388695,419,0.10545769927818813,147,0.11332657023101196
89,271,0.06530416285502724,408,0.06557489832597932,54,0.07242068130334124,282,0.07945887437099228,244,0.09723065151719813,484,0.10370717108503268,443,0.11303327904741359,326,0.11588718463771501,179,0.11697228310860672,414,0.11896261156966902,237,0.12506148667705885,211,0.12614984577878724
90,3,0.024453645215392367,354,0.07212509771495963,227,0.07257488919326589,351,0.07344424767707758,515,0.08550796939369074,294,0.0878269579945686,279,0.08809874239215885,316,0.09278590292528177,299,0.1020280713314731,17,0.103481722471726,170,0.10362264114631198,499,0.10452654612518364
91,82,0.1173840806516419,319,0.13822120521480089,324,0.14226036479970985,374,0.14494167723823434,388,0.14532537019516048,390,0.15567716155585265,148,0.15791990774321296,209,0.16628298972110978,412,0.1701509359460023,516,0.17033091443473725,289,0.17048655599687834,85,0.17817878232797044
92,177,0.05974733907634322,33,0.07044492872789883,463,0.09889731547982766,164,0.1291285724639543,312,0.13148257141453443,77,0.13317109100124302,101,0.15508965390112997,224,0.16105449997568314,364,0.16514339536323627,238,0.1689928741949889,167,0.1714385609147113,508,0.18792938668291648
93,233,0.11042796334798896,381,0.15131895847410642,480,0.15353912954140647,192,0.17052145677523695,57,0.17530735202943268,464,0.1878969807941046,225,0.19177718590792764,301,0.1938565166558717,137,0.20962055609000363,276,0.2127120251430457,53,0.22005168875793069,508,0.22862506489671414
94,369,0.11374984618629534,519,0.1266342837215435,229,0.14279723035154654,199,0.20053583597216112,278,0.22021910659194904,388,0.22733555562074192,289,0.23396224016822945,411,0.24021218618564308,232,0.24707146154233067,91,0.25170235690413695,406,0.2791228678848356,86,0.2841210138262992
95,41,0.3439863289017834,311,0.35408287631536595,246,0.3757897786007341,58,0.3783640964845642,86,0.3911170480983476,232,0.3926477225091772,411,0.4067235005387806,303,0.41010374211400213,229,0.4442126189012728,380,0.4466604945226992,9,0.4571806043359572,199,0.4616635878537527
96,443,0.07465867347708162,48,0.08682964663648447,237,0.08781477918044672,172,0.09270868429530918,71,0.09318235274427861,27,0.0947694108100452,405,0.09534492587745201,435,0.09845291776904273,54,0.1062737938657327,180,0.10732852948879737,452,0.10838947879253161,191,0.11495561508153579
97,427,0.13825216140376195,12,0.16101074781236555,363,0.21878834579640363,151,0.23175257583363623,221,0.2895938751555422,266,0.2927452396008731,315,0.31727540151949635,483,0.31796402474934915,62,0.3261914848229484,295,0.3385040670080298,347,0.3408203974552446,32,0.3542648543711114
98,259,0.08687520514093942,110,0.1510179413293729,201,0.15147625900264589,260,0.15198898779156284,307,0.17112563265600064,69,0.18036781455351913,188,0.20616639976022558,23,0.2118379948167735,194,0.2569116483009556,2,0.25773862895382577,25,0.26758204708724,160,0.2683624014503163
99,323,0.012289398595392891,116,0.026387193696860652,345,0.04575935015690923,465,0.07907534028112337,15,0.08863813734616702,135,0.10008066453982731,414,0.10547513716135734,179,0.10768648020148719,207,0.1271187951737773,275,0.1273532193467948,428,0.12737326452647713,35,0.1367114692749687
100,290,0.5952434032174039,67,0.5970695899088501,253,0.6152311626255059,176,0.626286463911569,382,0.7523161449139149,249,0.7769373885935615,511,0.8181567643659606,309,0.8203236353631851,187,0.8213856808395854,163,0.824263644621725,11,0.8313379412596686,69,0.8371740161068758
101,414,0.08864657089807058,391,0.0985018047821044,15,0.1039592054757491,224,0.10660911159263464,35,0.11603957879525406,33,0.11995180926266348,479,0.13289634386737775,164,0.1368390910214549,116,0.14893668089977596,56,0.1491468439632911,10,0.15216513947953303,99,0.15391968990787022
102,349,0.03821082961436825,316,0.046336938149404795,348,0.05144819746994325,284,0.052575440776260654,384,0.06196453413284195,438,0.06464434576824866,81,0.06747823549382187,1,0.0726316434306936,515,0.07873786037127245,191,0.08211507786632385,358,0.08227840812716425,334,0.08548674503845365
103,43,0.08690842154099607,282,0.08728277715436852,275,0.10405767646871503,326,0.1193032422581707,105,0.12154129572833845,142,0.1226733072098176,484,0.12927693045846692,38,0.13077553778984108,248,0.1411292681875909,89,0.14855334517767532,271,0.14888212944829188,408,0.1491029039982318
104,257,0.08993918238553919,21,0.13097433947661768,458,0.14168822520334848,394,0.16094510541207557,87,0.167755708786371,75,0.17501219722076625,489,0.18559834634278108,403,0.18950990706848128,336,0.19691096268575303,286,0.19815987656938067,397,0.20987489187453692,78,0.21442081670885926
105,244,0.0637947748290491,282,0.09030328034679551,408,0.11467882011346507,271,0.11546728310750204,103,0.12154129572833845,89,0.1332924903665602,484,0.1335016891541115,326,0.1373017658097961,211,0.14840286796083893,443,0.15123797834174568,54,0.15966709910615143,362,0.1656862255598331
106,449,0.046368463559541453,436,0.06373787661282915,305,0.06942197324216924,73,0.08602621095221907,343,0.09412507070556858,310,0.11338215587366306,225,0.13092572065823327,325,0.13778397882190482,125,0.16175366530416607,120,0.1630642979058406,139,0.17085853148834065,53,0.17471817169662027
107,49,0.1551576928399131,500,0.15854952805048342,362,0.18525034897912399,413,0.1863963747653632,302,0.19139346198683513,258,0.19603554159410203,105,0.20057784729343825,84,0.21173627453553043,466,0.219693590765976,244,0.2427032634450288,40,0.24312271833365467,476,0.24542743412330542
108,88,0.046556696932661866,377,0.06221723130164013,379,0.06487815632076631,28,0.06731350266283638,47,0.07349426250077547,451,0.0780954866335187,325,0.07948508625503495,114,0.0851383946406007,126,0.08794839070063482,419,0.09163735333933946,386,0.09252206031827785,31,0.10438829183704056
109,264,0.10366979166863272,254,0.12831164160594455,330,0.13712024444130175,134,0.15132360636041894,29,0.15534019617341988,222,0.16844541670129548,512,0.17075585141693617,298,0.17204457912426221,157,0.17875444498508994,287,0.18145321613418275,514,0.18231751124957293,507,0.18395187264102986
110,259,0.1281716435432155,98,0.1510179413293729,201,0.20928961927445985,260,0.2173240453090884,188,0.22204937342631537,307,0.24618259280721194,69,0.246529272296646,25,0.2626722970776015,381,0.2700126916405972,464,0.28072443341490433,510,0.28646397666775797,23,0.28697305465839257
111,474,0.08636956768633675,468,0.13100086424530386,333,0.1668729172942143,202,0.22754795666996921,214,0.2568421724778296,365,0.2694121816440677,193,0.2771828619657756,155,0.28411693619904643,206,0.28731237778937924,221,0.30067362608292275,292,0.3091923167237321,315,0.32372702567561445
112,65,0.06392235578767032,113,0.07287171103175205,242,0.08143334233015537,466,0.08551515859531358,396,0.09131744437985523,84,0.10284636918904438,380,0.10429545842028833,37,0.11171301420937871,70,0.1201055920744084,189,0.12139932848146069,367,0.12395155587051626,476,0.12407574629904129
113,242,0.024457113876736526,466,0.04980419279728087,65,0.05033954816590538,84,0.06799131692386468,112,0.07287171103175205,37,0.0842844343639009,396,0.08472502307189196,476,0.09215265809724359,70,0.10583914364492103,421,0.11545132280341493,445,0.1354171171464726,367,0.14018689142751595
114,379,0.050647204820683786,88,0.06371787740132237,451,0.06930906762232274,47,0.07130126566145786,492,0.07921182467149854,28,0.0817706511043616,108,0.0851383946406007,419,0.0880258309251378,147,0.08902885478393381,377,0.09973519743310083,31,0.10370564632926785,126,0.10427331579245172
115,55,0.08922813193862986,183,0.09231451951394211,243,0.1131156118659443,340,0.12826207725576352,139,0.1602004254228801,400,0.16761919838970127,125,0.1715865287142194,120,0.17236789888372586,470,0.22563122018552514,16,0.22621250297742843,312,0.23788816165933516,399,0.24052762821164297
116,99,0.026387193696860652,323,0.03837701881184743,345,0.07161277854249715,15,0.09528615969983617,465,0.10286953307895289,207,0.10588712437154144,414,0.11500753431291633,135,0.11757790257799443,35,0.12282528935126472,179,0.1244399963461381,428,0.1252591790774461,310,0.13620207876993778
117,217,0.1279123583894191,471,0.13065388797473904,127,0.13704059407523714,493,0.14417163787632709,219,0.15917940520008175,460,0.16180868545708674,220,0.17575088427635477,312,0.18086860632322993,26,0.18374249910234672,177,0.18670649348104926,224,0.18706474350280536,238,0.19160687447997435
118,16,0.17519242484943723,26,0.20064548650211045,393,0.2075580343873882,230,0.22052494274859016,167,0.22919642284834182,463,0.2317337653423703,177,0.24125713532551124,400,0.2461145978414648,92,0.25301756606793124,472,0.2534340929000202,312,0.25495808836802936,217,0.26104362722420504
119,245,0.12111214322580426,204,0.1264329260341511,263,0.1278619056328292,296,0.15074881475078677,9,0.15403032014790727,196,0.16444185171899828,416,0.20440383341571727,352,0.24054947455218584,367,0.2528943347409221,5,0.2547218811068099,458,0.2621264708495298,165,0.28654481262237325
120,125,0.006587221899276019,139,0.07925326111740569,340,0.09870248853573357,243,0.12831431872470125,436,0.1389129150556065,55,0.14103001858210362,449,0.15199358428816806,310,0.15555606118015994,470,0.15625793421305198,106,0.1630642979058406,73,0.16669893259898777,115,0.17236789888372586
121,13,0.049989106836966765,189,0.1744838447899102,476,0.176073629566966,52,0.17632247370645987,258,0.1846356246990762,51,0.19803709627360555,453,0.20177683543144956,466,0.2094974535030733,84,0.21008732459837037,302,0.21178430604781606,112,0.21404080946768458,148,0.2169019617142682
122,406,0.05244655162262478,441,0.09776223928550606,505,0.14381633390779697,182,0.1531047966790853,350,0.16290614331143158,317,0.19026046979720254,145,0.19475684131654925,388,0.19704263951911263,285,0.2026799131922014,289,0.2048851884902018,369,0.21893233533568207,372,0.22602202067311397
123,297,0.17319055172206513,513,0.21161845906606813,133,0.21508468272400058,51,0.2218073225408293,256,0.24392609371010612,506,0.24567243377847095,352,0.291697550722848,34,0.3116522616883857,367,0.3218533471396612,270,0.333316056835056,121,0.33430009766584085,403,0.33623149769827604
124,50,0.21479094067030113,236,0.25477815483333877,335,0.26619381022028876,410,0.28177769843335637,144,0.287538019044338,498,0.3113218501155065,7,0.3139818357975913,4,0.3302037019981654,356,0.3361992295805877,418,0.3368036497334459,159,0.3378344983108576,128,0.33793599555453213
125,120,0.006587221899276019,139,0.07595162290680833,340,0.09580853513732382,243,0.12841120125995834,436,0.13539058531466058,55,0.14118710111600047,449,0.14966201124285242,470,0.14969168712669945,310,0.1504357418002848,106,0.16175366530416607,73,0.16725582232217184,115,0.1715865287142194
126,47,0.055683559689267026,492,0.06265894359280283,147,0.0673033059092346,329,0.07255293857236117,419,0.07279294429332425,325,0.07975798080243673,88,0.08578114829466066,321,0.08721803886974765,108,0.08794839070063482,114,0.10427331579245172,451,0.11245850785786474,241,0.1128146533441981
127,217,0.07171296487145493,219,0.10682731143221937,472,0.1120576121005544,399,0.11621943407869151,479,0.1306537371216738,493,0.13467824161158043,230,0.136870024776036,117,0.13704059407523714,224,0.1605910087602387,35,0.16278430428390958,312,0.16753590223248827,56,0.1694678128184521
128,355,0.08007774530282033,371,0.11101215118051382,186,0.12372086922460375,430,0.12595945566552852,144,0.12892743472763457,356,0.13477965815812126,265,0.1492909220665612,50,0.16398856457811342,7,0.17437905253038724,218,0.21655796383242126,231,0.2330491884055194,321,0.2454750458914728
129,1,0.042555887602399846,348,0.06528331954294549,273,0.07657164253678188,200,0.0823204914619225,338,0.08354912011837445,334,0.08502016001342265,191,0.0894128872603871,293,0.08971380346919958,360,0.09265750846477318,346,0.09641263329721773,198,0.09985441575613653,384,0.10045497542975333
130,454,0.0675506663015319,303,0.13745654995263734,36,0.1449856176255606,232,0.2664151762022307,404,0.27488831537284847,285,0.2871026725349751,155,0.2994573778587719,202,0.3003070333339448,350,0.3007484807411709,4,0.3065633920604322,333,0.30952925348294724,229,0.3105004094721551
131,203,0.06175874549157961,357,0.06392986076118201,327,0.06607957613362254,18,0.06809794424813381,507,0.07161416423330993,373,0.07595377376544228,152,0.08774599452229512,154,0.10222248536851303,322,0.10432236511731088,287,0.10593240065423534,157,0.10652730606346601,61,0.10758712709385554
132,494,0.0276025171059897,397,0.03410525356205505,56,0.08329889523010779,220,0.10052892596553868,408,0.11555174430522498,271,0.1159248319935176,224,0.12101435956895756,244,0.1358877883705588,391,0.1368493481861626,211,0.1414247284244073,89,0.14649473156900036,394,0.14813898056351216
133,297,0.04197801617079744,353,0.18088950716189045,337,0.1938468664999221,123,0.21508468272400058,40,0.21694359461818077,461,0.21868857797559219,383,0.24302392332499734,503,0.24454903865135058,476,0.25226624038219836,256,0.25545005269335375,79,0.25748419189550087,34,0.2576722506725728
134,235,0.08341146177143177,240,0.09090852206825772,332,0.09244565528143218,254,0.09613407775995268,29,0.09803043638018848,339,0.10589000381377413,486,0.1070311597823396,514,0.1107766490244652,298,0.11197296514267935,392,0.11531596217510637,216,0.11613678234108124,457,0.11785261792769794
135,45,0.0690541234391084,323,0.09079541155607496,53,0.09287932438398985,345,0.0934628632099749,99,0.10008066453982731,248,0.10277776357663834,116,0.11757790257799443,465,0.1201785691690966,153,0.12847267590228953,275,0.1467447022142367,305,0.14741645696686406,310,0.15366155874576234
136,481,0.1358053707871071,175,0.1401283124312341,6,0.16432418529850445,398,0.16942168994762202,274,0.17945658337009787,359,0.1827017710571384,300,0.18627800134877884,59,0.18827389707292386,440,0.1883465458290267,520,0.19059731787456044,424,0.19371848002349584,223,0.1981848103186171
137,464,0.09415060185902017,482,0.17984908444912118,276,0.20369461667351296,195,0.2043276899006577,93,0.20962055609000363,508,0.21250206235287675,57,0.21423216698571385,77,0.23534782687565806,192,0.23568553848734683,480,0.24287291600866148,381,0.2433811337340173,233,0.2458292726546604
138,72,0.1747567854825517,178,0.21594765574748792,509,0.24502524643535584,439,0.2624368218954422,331,0.27596856392373587,14,0.28778642128915355,453,0.29086085133198136,370,0.2958259474407547,306,0.2998063712402631,270,0.30622039730090855,500,0.3258163705946314,269,0.32847365245697807
139,340,0.036785431625942576,125,0.07595162290680833,120,0.07925326111740569,310,0.12618589388797397,436,0.12672160821749962,243,0.13367109187202603,470,0.13471400988230603,518,0.14023151237282827,385,0.14726479496176273,449,0.15078761189454706,73,0.15719982524770407,115,0.1602004254228801
140,167,0.12114864842494136,257,0.16767632290334408,177,0.17502418209134674,314,0.1829273056622411,224,0.18384784906003312,220,0.19721385782245296,397,0.19965515081457222,56,0.20163835815850145,33,0.20247014618518955,494,0.20412464692470833,394,0.20549654730456066,503,0.20755259098736614
141,402,0.05174919410241505,23,0.08490515571221352,487,0.09849970597992645,368,0.12274965856208257,247,0.1271214797058815,156,0.13025915580436806,295,0.1319057387189652,415,0.1354188210971615,63,0.14582521016081773,328,0.1673442879727696,477,0.16974580738371361,266,0.17001379889362223
142,434,0.08047535242837818,283,0.08422660646162156,275,0.08527458887782678,43,0.08773928391582075,465,0.10401569022226106,414,0.11042810160154341,282,0.12110427872857248,248,0.12188208549736362,103,0.1226733072098176,345,0.1287177667782037,179,0.13229514938399517,425,0.13236493684105718
143,168,0.07141339871777665,489,0.07399872815545135,272,0.07435374161776534,338,0.07948473497929133,286,0.08073704428492814,166,0.08431314911446394,78,0.09795530880183015,475,0.10822823542502977,210,0.11115874546721984,293,0.11202239422821553,376,0.11344194565046092,445,0.11775250221419241
144,430,0.06592805299583998,356,0.07718282149760938,186,0.08208281703402656,7,0.09479429264961184,128,0.12892743472763457,50,0.14265636587689107,231,0.14845034467083715,355,0.16412956975111243,371,0.18987189647688085,159,0.19676701968784605,265,0.2147135326694405,418,0.2393927350811736
145,447,0.04794912713520754,285,0.08461660413253708,372,0.102824237369676,441,0.11714379170699188,350,0.12734046574041386,235,0.1876063166917462,332,0.19129457668677483,122,0.19475684131654925,339,0.19931062120177542,206,0.20004423014843511,486,0.20008052063759107,457,0.20467664820715367
146,21,0.2171751562178986,75,0.21724675752549225,257,0.23407345024972312,140,0.2381809190749153,394,0.27927232856010054,104,0.28475429264893637,167,0.2853244761957384,393,0.2980576789865922,165,0.29805954299992293,471,0.3118508669170442,220,0.3382705192722843,352,0.33878440371547136
147,492,0.024406396733850297,329,0.048736796485834316,419,0.062284447793700265,126,0.0673033059092346,241,0.08065273707634221,47,0.08387373636687785,114,0.08902885478393381,321,0.10420640175679322,88,0.11332657023101196,420,0.11345997674202676,379,0.11498301811997104,68,0.12108070791096713
148,302,0.07413554833583888,396,0.09126543955906022,84,0.09283835146547795,374,0.09604538172437538,324,0.09913937807923576,412,0.10751575832859722,466,0.11130503742958374,445,0.1254594756616755,421,0.12786917518157148,475,0.1312578742904958,49,0.13313629538094357,82,0.13898770968457322
149,308,0.08499928511061863,189,0.1891711626010736,52,0.18949161032495332,380,0.20550081034179668,199,0.21231178916663093,519,0.21628565638058836,246,0.22792755654617922,112,0.2350897891285954,269,0.23703850774408203,13,0.24224656877768533,121,0.2539785730386763,453,0.25618390617394166
150,185,0.1105147584721466,407,0.2105476294900557,491,0.23536445005375045,190,0.2805415252005746,488,0.28249464207531905,520,0.2883272964175487,175,0.2936205314138013,418,0.3127396604777533,431,0.32575920658901664,504,0.3357209903696945,300,0.3470727355164997,136,0.349721713997533
151,363,0.019542355863235217,347,0.11457830575431212,427,0.14680044866638128,32,0.15960975459013646,432,0.16360753062669786,221,0.1662779806666721,504,0.1811598685182306,12,0.18126646488565176,404,0.19479031229400248,429,0.2221878180519318,97,0.23175257583363623,190,0.2530045250763057
152,255,0.02907308566294986,357,0.04388838979020243,373,0.04443212317466164,203,0.04884735902802422,154,0.06328636772982685,360,0.06584748599269521,322,0.0719896596472304,320,0.07344881229972149,450,0.08080212322438053,131,0.08774599452229512,409,0.09001032851220984,327,0.09138515542674926
153,428,0.10858927469546135,184,0.11335940390001586,351,0.11620135560780859,126,0.11902276102786398,420,0.12560318295364048,135,0.12847267590228953,173,0.13076443287344988,170,0.13238878843556848,299,0.13312403335222162,325,0.13413902813231035,422,0.13450965301362194,478,0.13860505221681735
154,322,0.03597987373835357,320,0.036657681111158275,450,0.04910651243583065,327,0.06033168062648611,152,0.06328636772982685,287,0.06333718815702277,157,0.06997017922575055,357,0.0711221842398108,373,0.07162062179004651,255,0.07367974893203343,203,0.07962666101050671,360,0.09444232369166089
155,365,0.05710169760717662,292,0.07162020858375281,255,0.1372125242397176,152,0.1423906345721591,203,0.14311934597925993,360,0.14616472408545297,376,0.1565846243833145,357,0.1601963188788242,373,0.1619075970643047,226,0.16618372053078384,131,0.17313780809644058,198,0.1817555955118613
156,247,0.05336515674089665,141,0.13025915580436806,402,0.14089482433883874,487,0.14222450820635824,193,0.1462907067395796,295,0.15888132338343605,23,0.1589722494580684,206,0.1776225389713139,368,0.1801144445143097,214,0.18651810518353085,24,0.2005664376303735,415,0.2028143753804612
157,287,0.007128890767848617,320,0.06444452281696265,450,0.06470526614556284,409,0.06709059647614868,154,0.06997017922575055,222,0.07009154518632542,373,0.0716302990937686,507,0.07164187299793892,357,0.07417644017911966,457,0.07696335232649028,327,0.0791122630854262,512,0.07991008512562489
158,286,0.06982290516158421,360,0.08326680251980861,320,0.08596165536392135,375,0.0869390893172336,450,0.0884399936585108,489,0.09006739302568213,255,0.09056370841150199,293,0.09198505561908397,154,0.09609292303044445,322,0.10364609415823516,346,0.10567543724951688,272,0.10672775982480602
159,356,0.15608850673426225,186,0.16363192477092717,236,0.16882326470883835,431,0.18567546243349692,430,0.18840474231784793,144,0.19676701968784605,418,0.196907592558949,50,0.25683059612253356,371,0.25741826933844464,128,0.26611942204331557,7,0.2757463162871689,231,0.2779300969828149
160,477,0.06709108682151042,377,0.08975360846121973,28,0.10338010825517513,379,0.10469055825498225,386,0.11130839117497476,63,0.12162161157069544,108,0.13144909696464832,307,0.141074945903785,114,0.14213496654925037,462,0.14219472518794204,88,0.14560387995821814,31,0.14636931037650552
161,226,0.0658861054390449,456,0.08098543539254657,457,0.08620088300615258,409,0.08715799276063832,198,0.08830541126211892,267,0.09207151810864307,332,0.09479671800292847,334,0.10522550681967635,392,0.10985687209666015,373,0.11091122913839625,507,0.11226218866860216,384,0.1139609835212279
162,300,0.10942538792376538,444,0.14635544936293404,493,0.19141856911645141,456,0.2072139550629009,455,0.21921555989156372,39,0.21937102525604596,179,0.2236959522036708,35,0.22596091261144532,219,0.22613830554101008,22,0.2273556999076575,15,0.23007494572413978,479,0.23144520103591057
163,511,0.012914073013766538,261,0.07526465200885996,378,0.0759757845762541,249,0.08908562287776008,109,0.20565729243454905,448,0.2156962327227711,181,0.21616987605604898,262,0.21921279113146663,69,0.22125893937575575,298,0.22323236494159915,330,0.23071721949074547,29,0.234782276159308
164,312,0.06558992196547402,364,0.08093980705798495,207,0.08682936440866613,463,0.12070423493876924,238,0.1285214131572177,92,0.1291285724639543,277,0.1304369602324328,508,0.13293204897933483,470,0.13366252418097888,101,0.1368390910214549,33,0.14830050630740474,116,0.15137617310907062
165,196,0.2126797760572444,352,0.22718972974992585,204,0.23366900719566147,104,0.2684552754623383,75,0.27146466291266064,263,0.27333096079572056,296,0.2788794351292739,458,0.28533348161070177,119,0.28654481262237325,9,0.28973242635211416,21,0.2900191196104371,146,0.29805954299992293
166,212,0.06383426036206993,210,0.06768930665363417,143,0.08431314911446394,168,0.10408021924319064,272,0.10898473533510357,338,0.11109158891347609,489,0.11660488441349372,286,0.1216589467282345,375,0.1219582186622275,78,0.12272162897203201,452,0.12492651297242814,475,0.12677975124765445
167,177,0.12017000723210175,140,0.12114864842494136,230,0.13416597980972414,217,0.15397131327078753,472,0.158352330366327,224,0.15952664771626418,33,0.16469824081775386,92,0.1714385609147113,56,0.18954899930609184,26,0.19037896111787717,220,0.19536661526679114,117,0.20606307864728343
168,445,0.061149290065323464,475,0.06267065628882172,78,0.06379206936454554,70,0.06701726771105075,143,0.07141339871777665,272,0.10008763647498461,166,0.10408021924319064,210,0.11486360315110612,338,0.1149360435956,396,0.11798380650820865,489,0.1229521507754407,324,0.12671706632024762
169,431,0.29518099397207054,159,0.355696135055187,174,0.3810639168745589,185,0.4030342136139434,371,0.416940755089615,150,0.42304085805184105,356,0.4263948283261079,418,0.430279624189377,186,0.4331183102890277,430,0.4541126329088806,483,0.46164833738453565,190,0.4665674932415313
170,299,0.002269724673677531,239,0.04249428531203502,420,0.04711290876345076,515,0.06952373301892723,216,0.07637303286973281,68,0.0838286886101479,339,0.08613476062189207,389,0.08900454226670085,3,0.08957995937027732,173,0.0949062388534009,351,0.10232963818814894,90,0.10362264114631198
171,412,0.10792759290833889,469,0.11229523313297861,452,0.12874811849037646,96,0.12932031729078525,76,0.13955999269474564,209,0.14621925952143602,30,0.15360632349880213,390,0.15477990626274932,20,0.1551626686620237,443,0.15563196982051808,85,0.15577333375606614,80,0.15792075751815596
172,48,0.03273265338476983,71,0.037322795234324,237,0.052485773440859126,27,0.06016400322805408,405,0.06211883410079366,358,0.06331654378223352,54,0.06549621197485878,180,0.06691269839252922,81,0.07236577273151278,284,0.07255335196296489,497,0.07947984752128238,30,0.0867606305435669
173,438,0.06169015880605131,515,0.06252967576898637,184,0.06709980046841922,422,0.06835958657431108,316,0.07386082178857456,239,0.08293510170852136,3,0.08744681771841649,351,0.09248019946208975,354,0.09313269428590336,299,0.09323569884669435,170,0.0949062388534009,428,0.09828925320157668
174,417,0.2025638251243489,231,0.21219462526041857,444,0.21457225230567312,213,0.2236034967173106,418,0.22499373449404148,42,0.2274383259020708,39,0.23815390768421205,430,0.24377830176417084,356,0.2441972562323605,175,0.25077060049532973,274,0.2521739257007607,64,0.2564229564599933
175,136,0.1401283124312341,42,0.15885372284017946,498,0.15913163185285092,440,0.16319343062332517,213,0.1707407217942746,418,0.17214301213935684,274,0.1813682643852313,520,0.1883775311770024,190,0.19715968381671256,300,0.19932214766141967,455,0.21022461909526582,444,0.21428607468417388
176,69,0.4375818743287241,98,0.44152605991463156,24,0.4423426010065301,67,0.4641903202092035,206,0.4690036330503247,290,0.4829633648579635,193,0.49736109030782993,259,0.4986006276801212,474,0.49924958116458507,201,0.5112837689933906,260,0.5139984606990368,156,0.5216686589624125
177,92,0.05974733907634322,33,0.09103679926750266,167,0.12017000723210175,463,0.14349647738345317,224,0.1514441135233705,77,0.16310901418653972,312,0.17454340971457485,140,0.17502418209134674,164,0.1789706712987953,101,0.18011615481383178,217,0.18176420317460598,117,0.18670649348104926
178,331,0.0830477656910359,509,0.09261321202809326,473,0.1188106600903877,72,0.16933801488466366,306,0.18694195069524475,258,0.18941941684065947,189,0.20535253858149138,453,0.20561394179418666,361,0.20573328533212956,52,0.20643914615781161,138,0.21594765574748792,401,0.22045990731424478
179,465,0.055595636983493416,15,0.06077214727712354,275,0.06966761411582993,414,0.07604570681428742,345,0.08024239086674205,43,0.09164461989989406,22,0.0942832208284677,326,0.09973405873377143,323,0.10416491891597707,99,0.10768648020148719,282,0.10940442661431882,211,0.10992907767466716
180,358,0.03403265866934424,497,0.0521021788406795,284,0.056998698031622934,209,0.057831038853729366,81,0.060373619404956946,85,0.06235982854618074,48,0.06312148214264243,172,0.06691269839252922,27,0.07267219245697128,405,0.07365422532495472,80,0.07440990264763206,71,0.07888687833874385
181,240,0.08723622076844742,435,0.10668789402549615,330,0.10885453290943305,10,0.11181239672699156,298,0.1141753597899274,499,0.1272981987115043,29,0.1355209689933031,437,0.13952861596998362,134,0.14584563199626355,96,0.1523782264879591,425,0.15688394592069893,250,0.16072887485542356
182,505,0.040512452976716705,406,0.13070862132685965,388,0.13179614027354292,294,0.13457696800143534,90,0.14692483766250392,122,0.1531047966790853,441,0.15545265189744542,3,0.156083639712497,387,0.16000774790139594,497,0.16046248795073842,341,0.16168774281475215,227,0.16814596381102004
183,55,0.06003878523596299,115,0.09231451951394211,243,0.1784512654665674,340,0.18267467670284718,125,0.19369089301249037,120,0.19393942494467922,139,0.20611348954949824,400,0.23472456912167738,470,0.250776301223223,16,0.26910721677690175,312,0.28567623560776123,277,0.2913984945215929
184,422,0.050233218384756764,173,0.06709980046841922,351,0.09471164589910676,354,0.0947354582785109,438,0.09680476210030524,428,0.09708737128135485,153,0.11335940390001586,435,0.12503622764551114,465,0.12687781438777018,515,0.12739367886597516,345,0.12845330417088735,3,0.13029491796056886
185,150,0.1105147584721466,407,0.19121622334150934,190,0.19140228495800282,491,0.2125466326103422,175,0.21609818661629127,431,0.23513738425251782,418,0.24275663446078205,520,0.24507436038349142,504,0.27118069771274483,488,0.28431680633933676,136,0.3023344893001066,432,0.30462143267542124
186,356,0.024344382364490675,430,0.040254385655170644,144,0.08208281703402656,128,0.12372086922460375,355,0.1447293241808882,371,0.14924285096233966,7,0.15767504949765956,159,0.16363192477092717,231,0.1846157946740926,50,0.1900551200716551,265,0.21499220030966718,418,0.2527337518428903
187,11,0.03673043386355229,448,0.13752722682963803,249,0.1899850196506907,423,0.20113215266588735,378,0.2065185737190807,261,0.23440712095993943,496,0.25172737494201464,163,0.2574437806639467,511,0.2671679782647034,262,0.28912013224977584,250,0.2898481576119375,25,0.3054868280634641
188,201,0.08425583832723042,194,0.11409591999335493,260,0.11938300054778726,23,0.13797364085906774,141,0.18172567389898325,402,0.18930740883765085,259,0.19002320121905386,487,0.19066159416406325,295,0.20339334287264166,98,0.20616639976022558,307,0.21168912198280213,368,0.2206018196731052
189,52,0.006605717909422437,453,0.0801792978358492,258,0.11721290614751007,112,0.12139932848146069,269,0.1250568469604754,308,0.13139633086918107,65,0.13203226665517873,466,0.136887602580358,84,0.1463025184642217,367,0.15697653133887124,380,0.1583594593892718,13,0.1600995345264543
190,504,0.11168425207240565,455,0.1613364348011499,432,0.17134274450591,347,0.18478042276685394,185,0.19140228495800282,175,0.19715968381671256,404,0.21591593021102534,431,0.2486346554443819,151,0.2530045250763057,363,0.25443931415045307,300,0.2593043533206362,36,0.26054580430801244
191,273,0.020492958343528475,71,0.049929197678689495,237,0.05231985084460422,348,0.06253353798102583,1,0.0674013276774037,438,0.06898038905352108,102,0.08211507786632385,349,0.08638533303464269,172,0.0872493252904767,284,0.08784202424510368,346,0.08823205202472928,129,0.0894128872603871
192,57,0.06434845479810203,508,0.10211227394626214,53,0.10362407054742175,225,0.1529294621737353,381,0.15834337176538926,301,0.16217306661284467,228,0.164723460903593,93,0.17052145677523695,135,0.17631161847021004,434,0.18644638056977825,449,0.1868130095804723,323,0.18832697474232057
193,206,0.0733270063618703,214,0.09777756238179608,156,0.1462907067395796,447,0.16617888016570706,247,0.17312839403550057,468,0.17424273767356271,368,0.19411995381445052,61,0.2032683928632735,487,0.2116140799539373,474,0.21233084719704046,145,0.21331487649081649,372,0.21885731980150103
194,188,0.11409591999335493,201,0.1172444443421202,23,0.15199483151884108,295,0.15330916282381574,487,0.1570754959034265,141,0.18246932150050085,402,0.18260378308209887,260,0.19231817853914143,156,0.20356894665097616,247,0.226784207562894,266,0.22823835814393745,368,0.239878842425497
195,301,0.1516199767169736,238,0.17732423229227795,77,0.18664756000620064,192,0.1938603192394813,277,0.1988407081547627,57,0.20126469907650754,508,0.20166802751146515,137,0.2043276899006577,164,0.21128951410505126,53,0.22811759441853285,45,0.23182465623695397,228,0.2339898113590498
196,204,0.10698805307287361,416,0.13994405209616623,119,0.16444185171899828,263,0.17179575455488214,296,0.19223339406199336,352,0.2044543554919155,165,0.2126797760572444,9,0.2160557339950561,245,0.24213879898967747,458,0.29867388980058357,336,0.3247148896919771,403,0.34735424918370217
197,462,0.03802979749523328,28,0.1257577632597847,386,0.13120613905013617,379,0.13127912014636936,317,0.1525879928664082,114,0.15432745773459264,160,0.15473306177932006,31,0.15481599813008878,372,0.15565841019680518,419,0.15568990353638149,63,0.15629455357191896,389,0.16385607745228276
198,360,0.07503934756531734,161,0.08830541126211892,334,0.0969182828393383,267,0.09943384649080013,129,0.09985441575613653,1,0.10344592107133374,226,0.10429133785240968,346,0.10658161744595443,384,0.11296509854417078,456,0.11591564853007792,450,0.1163100460126174,348,0.11931919378329893
199,411,0.1021351749027375,229,0.129110380382751,519,0.14253640252091446,86,0.17851563261699915,324,0.19236092711116007,94,0.20053583597216112,246,0.20122610435548863,91,0.20463342869415346,149,0.21231178916663093,369,0.21917551026599175,232,0.22597902830777317,82,0.2269380969671333
200,338,0.05173677935524116,452,0.06938633224768752,293,0.07930692606195677,129,0.0823204914619225,82,0.09677141888232123,237,0.10089350295031914,1,0.1040818628719196,180,0.10773420446187379,272,0.10908852959681975,348,0.10969719389103216,273,0.11121497959890102,359,0.11163171782945057
201,188,0.08425583832723042,23,0.10294208785975262,194,0.1172444443421202,260,0.12252547667681155,98,0.15147625900264589,402,0.16712523753312808,259,0.1697005385177404,141,0.17433603855125096,307,0.19089836863898174,487,0.20710938506549,110,0.20928961927445985,247,0.2118926293144196
202,468,0.2191263129326475,111,0.22754795666996921,232,0.2410479264425701,474,0.24271458498458182,333,0.28369901872928344,285,0.2998088886348679,130,0.3003070333339448,206,0.3153758948851358,292,0.3177340759772548,365,0.31895468384579867,155,0.31981853514826547,369,0.32068101475007804
203,152,0.04884735902802422,255,0.05813671467312891,131,0.06175874549157961,357,0.06393729367544361,373,0.07301855559283581,327,0.0758023409805304,154,0.07962666101050671,322,0.07973766136241209,320,0.10624270364149212,360,0.10784060772984123,507,0.10955904505497924,18,0.11408431643432795
204,196,0.10698805307287361,263,0.11174917944272574,119,0.1264329260341511,296,0.15433572413280086,9,0.17868178175738814,416,0.20332757112071878,245,0.22224349419059264,165,0.23366900719566147,352,0.27431459516833656,458,0.2884825278930368,336,0.29970551146228314,41,0.3366289647775769
205,429,0.308030780405036,483,0.3206953171595844,12,0.33874795594594154,32,0.3567273021704419,268,0.36394378729201876,363,0.39572010336413616,151,0.40188048537782095,97,0.42756569206277456,427,0.4295352441486041,347,0.4671705343858263,432,0.5005473980475956,190,0.5033452463512947
206,193,0.0733270063618703,447,0.155223606811466,214,0.167996860799962,156,0.1776225389713139,468,0.18724581884837105,247,0.1898827705692846,24,0.19556819397660194,145,0.20004423014843511,372,0.21598516333737786,474,0.21705565242336483,462,0.24957561521862645,368,0.25029803547523805
207,164,0.08682936440866613,277,0.08763504120558677,470,0.09854851624893035,116,0.10588712437154144,312,0.12170021954088256,364,0.12357696545205035,99,0.1271187951737773,323,0.13795240035539505,35,0.1416782736773993,479,0.1417802240738263,460,0.14389567877379486,15,0.14529731421310238
208,500,0.2300301528300843,403,0.25694092651008016,398,0.27600971761834364,37,0.2805822635456706,517,0.2869718589163965,104,0.28738038943670935,394,0.29296533065791536,413,0.2966917957542285,421,0.3007845190724217,21,0.30260896515083285,362,0.30362034257906245,87,0.32282626268073533
209,85,0.021739348064084063,80,0.030041939597871548,516,0.048786885120754395,497,0.0493684933678592,180,0.057831038853729366,30,0.064715713946669,390,0.06797495951101089,27,0.07252851167384913,405,0.07266461738752882,358,0.08134460856589398,48,0.08233967419384176,387,0.0880728064061413
210,166,0.06768930665363417,272,0.08849144599654384,78,0.09530208109193766,212,0.1035254514528254,143,0.11115874546721984,87,0.11178212685544596,489,0.11440951364907619,168,0.11486360315110612,375,0.1187724875027471,293,0.12018887710168354,286,0.12108617418109524,338,0.12462188478524412
211,271,0.06781375157735028,408,0.06827861783798299,282,0.08897948137925003,391,0.10379363004380934,414,0.10797528442421035,244,0.1085319787319784,179,0.10992907767466716,15,0.11604370079765258,326,0.12072273852071738,89,0.12614984577878724,275,0.1359618254443241,132,0.1414247284244073
212,166,0.06383426036206993,210,0.1035254514528254,375,0.12189473634596018,143,0.13602690501921494,489,0.14780719122424377,286,0.1497372365851374,376,0.15902816754528307,272,0.1594721438412097,338,0.16318675462461746,168,0.16367625558874666,452,0.16618527368189398,158,0.17416833916873292
213,42,0.01696054532825927,498,0.06709598674827158,274,0.08951336743563183,418,0.11330281848009113,410,0.1303756287822653,440,0.13496419144895,231,0.15865757743965234,223,0.16970728168665444,175,0.1707407217942746,520,0.17829954686677008,64,0.18326169577911977,424,0.19861366765372718
214,193,0.09777756238179608,61,0.14329317525698632,468,0.16771972499670923,206,0.167996860799962,368,0.17555770228624823,487,0.1801254565490926,295,0.1805581888802927,18,0.1842693598773787,156,0.18651810518353085,131,0.19492389498140908,507,0.19609269036496044,474,0.21092148656971094
215,426,0.2469629612785178,262,0.29815649134057526,74,0.33240893483145756,482,0.3564563601722361,137,0.3564948302021486,177,0.3584603788736819,92,0.3694887234895649,118,0.37688915905956977,464,0.38040159346419206,77,0.38712078195088767,463,0.3944097444605112,33,0.39500741270193906
216,339,0.016027535018213836,239,0.056839569807106284,389,0.057946138064480505,486,0.06099460090429796,490,0.06494078934526755,170,0.07637303286973281,299,0.07705407508269334,235,0.07804184937762117,44,0.0787990492575004,420,0.09928550935216073,342,0.10315279159561964,515,0.10898346018253675
217,127,0.07171296487145493,472,0.0730436339010322,219,0.0807302165268077,230,0.09385817591347828,224,0.1185774541898809,56,0.12631838446368188,117,0.1279123583894191,493,0.13017259928109884,26,0.14686321816498063,220,0.15111989964551373,479,0.15162113856398893,167,0.15397131327078753
218,291,0.1180420427798222,371,0.17954048582618778,31,0.18683117271402003,455,0.20907720185075607,128,0.21655796383242126,355,0.2209759249956526,328,0.22920235164220668,490,0.23442331652429543,7,0.23819300276051614,430,0.243076186997894,231,0.24421691147303531,356,0.2461114381433009
219,217,0.0807302165268077,493,0.08179149396647312,127,0.10682731143221937,56,0.10744794069056465,472,0.11360185674843551,220,0.12997489312853644,224,0.13787896145304535,230,0.14860780975602067,494,0.15434294633982734,117,0.15917940520008175,479,0.16895819311175075,397,0.17739334456775843
220,56,0.06942949954807814,494,0.08091315695845437,397,0.095323466129238,132,0.10052892596553868,224,0.10240982084244464,493,0.11664196303068618,219,0.12997489312853644,460,0.13258735439698746,395,0.13422280471472375,394,0.1417111451672568,217,0.15111989964551373,391,0.1544250272832209
221,404,0.14603615476507456,151,0.1662779806666721,363,0.1717774373378259,347,0.175599886955809,315,0.1968160353514672,432,0.20055576666179936,333,0.20058309739173508,427,0.2151828956927859,36,0.21690216344094804,504,0.21808217332511556,155,0.26719253009268895,66,0.2714140995393744
222,512,0.0133098710872043,514,0.0496582676121897,392,0.058934015456663255,157,0.07009154518632542,457,0.07501962762883523,287,0.07681496882454437,507,0.08906602513533331,409,0.09060120516659784,18,0.0925316756029696,332,0.09282748975374908,264,0.10137877617768334,318,0.10376044133169816
223,274,0.08333678370662187,64,0.09540340453429477,440,0.11675992104191307,341,0.12063049254789611,387,0.13527300675490703,417,0.1382234152668567,17,0.152587244824636,42,0.16761208327220908,46,0.16926946847594904,59,0.16956179478308184,213,0.16970728168665444,8,0.1727459497272743
224,56,0.06105839679972596,494,0.10029618267717283,220,0.10240982084244464,101,0.10660911159263464,217,0.1185774541898809,132,0.12101435956895756,397,0.1311861520844835,391,0.1318154067077123,33,0.13453031135353474,219,0.13787896145304535,479,0.13827289611853236,35,0.14144531158600104
225,305,0.08927544647949061,53,0.09035161897696344,449,0.12500736494765227,106,0.13092572065823327,301,0.1446308926690044,45,0.151844227251427,192,0.1529294621737353,135,0.15555793112244026,325,0.1562704803580361,436,0.15845050887813583,310,0.18205925542968446,343,0.18344275123036802
226,161,0.0658861054390449,373,0.08476686583472876,357,0.08543651972810742,409,0.09265841969024133,507,0.09429443215842019,322,0.09969119927329638,18,0.10139726645531608,152,0.1024018414661232,198,0.10429133785240968,287,0.10536801294614853,457,0.10583626745547281,157,0.10629177680796131
227,279,0.0643508568991161,442,0.0681194541270573,90,0.07257488919326589,351,0.08072010589496362,17,0.08495647653913947,3,0.0918354901729096,241,0.09220934413256585,68,0.09235869700288035,8,0.10677712652192153,354,0.10922278583622744,420,0.11450596137671147,299,0.12318173080088608
228,281,0.06648917730317885,425,0.0985815781608541,283,0.1038839631087476,434,0.13287181504387482,496,0.13546203669514764,192,0.164723460903593,142,0.1768940825798599,313,0.17806276962688028,288,0.18050351321785646,508,0.19084386380075807,57,0.20342514034479228,330,0.20409696984505932
229,199,0.129110380382751,519,0.13240486645728686,94,0.14279723035154654,369,0.15790049084091196,232,0.16143341770359124,411,0.16194936420719405,86,0.22191485692400068,91,0.23479982628245394,246,0.2515859707733104,324,0.26571975213886584,388,0.2667608155016974,289,0.26801936006229105
230,472,0.04131392765500033,217,0.09385817591347828,26,0.11289108490173455,167,0.13416597980972414,127,0.136870024776036,219,0.14860780975602067,327,0.1486742949767987,224,0.17509119590289637,154,0.18060203494876736,322,0.18312225990245995,56,0.18783814463394854,399,0.19014309283613623
231,7,0.08851183995636307,64,0.12317020471329675,440,0.1419726642476175,430,0.14659855469546829,144,0.14845034467083715,213,0.15865757743965234,274,0.1657823437894821,8,0.16723293035164627,356,0.168436526745155,42,0.16924150061432217,498,0.17293344590890086,417,0.1843547583956372
232,229,0.16143341770359124,411,0.1823642126373753,86,0.21949285442969668,199,0.22597902830777317,369,0.23385323822632192,202,0.2410479264425701,94,0.24707146154233067,130,0.2664151762022307,519,0.2805087660960626,58,0.2917024359766212,454,0.29304000438996136,155,0.30833672007243523
233,93,0.11042796334798896,464,0.21323421376233193,276,0.2187759481288632,381,0.2218027735001813,192,0.22301505832351118,57,0.23613368511900315,480,0.2416411203731237,137,0.2458292726546604,510,0.2518857687027196,225,0.2542535881706032,495,0.2632267565405631,25,0.2635200009215327
234,304,0.11117006486670865,62,0.15684104817741384,315,0.1772946181410113,203,0.17939807533248517,131,0.1826856393898619,327,0.1970032148865606,230,0.21768276589254884,365,0.22291787471158397,152,0.2235716000818869,255,0.22445753811160754,357,0.22931905092225952,376,0.22995786282335798
235,332,0.04293997387985573,339,0.06237424172950501,486,0.06361965583638171,514,0.07262622220567123,216,0.07804184937762117,392,0.08128164054306694,134,0.08341146177143177,457,0.08512193577471407,239,0.08712470485649863,384,0.08894704034522675,490,0.09398428927448035,349,0.09540096425831512
236,159,0.16882326470883835,335,0.18948893373679032,418,0.19961604677031913,491,0.24468056476571712,410,0.2462752367636303,124,0.25477815483333877,144,0.2589486303998995,498,0.2590949129050525,356,0.2677333240054192,431,0.26820628813136854,50,0.2682492928748837,213,0.2761840564811738
237,71,0.029401572022584557,48,0.05057746799504876,191,0.05231985084460422,172,0.052485773440859126,273,0.053081945534685655,54,0.07253361405984957,27,0.0726759249574839,405,0.07378039337687231,180,0.0794120445531639,284,0.081909919860998,348,0.08246811505901572,358,0.08459559596349364
238,77,0.08907794729667984,164,0.1285214131572177,460,0.1442642347505791,277,0.1444349401580665,312,0.14921100475148535,207,0.15512282964295673,92,0.1689928741949889,195,0.17732423229227795,117,0.19160687447997435,470,0.200582198335522,177,0.20271203014330444,364,0.20346926334818946
239,299,0.041385851382375015,170,0.04249428531203502,515,0.052800219310762,216,0.056839569807106284,339,0.05895033030087203,173,0.08293510170852136,420,0.08690619234698785,235,0.08712470485649863,316,0.09142831001519576,389,0.09683397882769268,3,0.1007540861053778,486,0.10744821185765165
240,181,0.08723622076844742,134,0.09090852206825772,499,0.1019980925849375,437,0.11344132280821116,298,0.11462054264936264,29,0.12645042929608175,435,0.1271582816947834,2,0.1375205908288284,515,0.13837267566050204,239,0.14011070926719799,330,0.1437094414741306,316,0.14597686780469002
241,329,0.07641632400074921,147,0.08065273707634221,227,0.09220934413256585,492,0.09677823407614494,68,0.09864150430209977,442,0.10194016543970799,126,0.1128146533441981,420,0.11417417234451192,419,0.12124956749592028,279,0.12427611075297297,8,0.12495733476286756,321,0.1331670683673078
242,113,0.024457113876736526,65,0.06247914936671091,466,0.07363308600819235,112,0.08143334233015537,37,0.08437390806172594,84,0.08992586769515942,396,0.09038446777237247,70,0.09278712262240786,476,0.1008387659832417,421,0.12182728727846931,445,0.1316092294748801,78,0.13346374999453697
243,115,0.1131156118659443,340,0.11907847554477241,120,0.12831431872470125,125,0.12841120125995834,139,0.13367109187202603,55,0.13458984639093166,480,0.16865175956061876,183,0.1784512654665674,381,0.19629449955565767,470,0.2069364148128987,364,0.22165326487050976,400,0.22207746277059387
244,408,0.06275485398229658,105,0.0637947748290491,271,0.06383986658996543,282,0.07738641950516546,89,0.09723065151719813,211,0.1085319787319784,326,0.12632329508315757,484,0.1315554123903772,132,0.1358877883705588,54,0.14709645390650616,443,0.14901501353397714,103,0.1494468006774831
245,119,0.12111214322580426,9,0.13941717316165955,296,0.15197468195778185,263,0.16111305740626403,5,0.1612008455017834,367,0.16594541167376056,269,0.20732669656937824,416,0.22164390850735222,204,0.22224349419059264,112,0.22812322971011292,65,0.2281854487893409,458,0.2363817680957802
246,380,0.08917194423289826,112,0.1861599222121138,37,0.19416137065517433,324,0.19456502867687717,396,0.1957295281600069,199,0.20122610435548863,70,0.20155844277754895,308,0.21480082277005316,421,0.21533389475426548,445,0.22312571316887117,149,0.22792755654617922,113,0.23060449118160145
247,156,0.05336515674089665,141,0.1271214797058815,402,0.12963037833904756,23,0.14512504949919633,487,0.17284523666815324,462,0.17293534747169698,193,0.17312839403550057,368,0.18902452420117657,206,0.1898827705692846,63,0.1907886832291444,415,0.19117407807622736,295,0.19623729437969578
248,43,0.06640980429845222,275,0.07447855429700564,465,0.08867824607128122,345,0.09815045001008241,135,0.10277776357663834,142,0.12188208549736362,45,0.12613668206608405,323,0.12735571575497534,179,0.13002285803170244,22,0.13105235063060308,434,0.13770273248736942,99,0.1394864351397751
249,163,0.08908562287776008,511,0.09416582056755338,261,0.09589335485714467,378,0.09656222088290423,448,0.16955215068891022,187,0.1899850196506907,11,0.19364343981057514,262,0.1944979754882727,496,0.2677946577045338,181,0.27752319721661733,69,0.2832058243928455,109,0.2903299654002304
250,423,0.12976326633627916,499,0.15152710508719686,76,0.15767174514534152,181,0.16072887485542356,435,0.16480087771849808,240,0.18115990093340614,171,0.18896577658856892,425,0.19493024841575715,96,0.1957553826278606,354,0.2045794031202487,294,0.21684056635358007,378,0.21700508999050946
251,66,0.30354140077073627,4,0.30399223626503574,483,0.4732205232451234,333,0.4746135351839578,404,0.4749215335204476,429,0.47969223538333144,303,0.4883442236398041,32,0.495359552249641,221,0.5033559957564097,363,0.519320149148848,130,0.5221618486358909,151,0.5228305281837472
252,306,0.1870565317679349,72,0.19796428275990596,361,0.1997680604334975,488,0.2505087947724567,509,0.26101009224889804,401,0.2923347260952139,517,0.31683960751001183,178,0.31816289512145424,424,0.3214124519877391,344,0.3356869745789757,331,0.3379362376973322,138,0.3397479480692173
253,382,0.344102424645182,309,0.4267724426222074,67,0.49751443974917603,187,0.5195167409540099,11,0.5448931784370853,110,0.544975204542507,25,0.5560198976871334,290,0.5661895401114038,249,0.5772977288778534,233,0.5784441700415291,276,0.5878657168503588,464,0.5976901635487376
254,134,0.09613407775995268,514,0.09938198445369491,486,0.10702136127504491,512,0.10798251872938838,502,0.10887143667122924,342,0.11050308668908486,478,0.11123684942715985,222,0.1155398260659859,235,0.12547051594112216,44,0.1272092651497939,392,0.12751496223773984,339,0.1276219610590895
255,152,0.02907308566294986,203,0.05813671467312891,360,0.05908169853341194,373,0.0728271831365263,357,0.07296147545315229,154,0.07367974893203343,322,0.07914188177732678,320,0.08337918539309443,158,0.09056370841150199,450,0.0910000225812399,376,0.09355906653408243,327,0.10880753519285413
256,297,0.23757424106465375,51,0.2392199213559364,123,0.24392609371010612,133,0.25545005269335375,34,0.2680438128498874,121,0.29288112179997694,416,0.29311041716647895,506,0.3029601565702677,79,0.304138649390173,476,0.30721011904335055,13,0.3318966600795619,367,0.33951396144691903
257,21,0.0881030419968609,104,0.08993918238553919,394,0.10084094584462025,397,0.16699953349524777,140,0.16767632290334408,87,0.17807669457910358,75,0.18231478249485522,40,0.1850642263953796,403,0.19353471565789296,494,0.19622133529266106,132,0.19954307263347176,220,0.2019689935854142
258,302,0.0949207644367433,189,0.11721290614751007,52,0.12171926832536126,84,0.12809447589998238,466,0.13550762635698138,453,0.1359685832631573,148,0.1437260893614009,13,0.149282548355218,49,0.16168536961176594,331,0.17246212308363848,65,0.17529270814569048,113,0.18315369546656332
259,98,0.08687520514093942,260,0.11936633037641461,110,0.1281716435432155,307,0.13844443675505871,69,0.14956143527767135,201,0.1697005385177404,188,0.19002320121905386,2,0.19594654334346667,510,0.21251812602185707,437,0.21476137369318773,25,0.21565627894387293,23,0.22293971640388321
260,259,0.11936633037641461,188,0.11938300054778726,201,0.12252547667681155,307,0.12616942201437958,69,0.13026826792407753,23,0.15149142990518372,98,0.15198898779156284,254,0.17122746014982865,415,0.17739706587678675,141,0.182653002631971,368,0.18278573914119275,63,0.1872576633570933
261,378,0.058244635546198825,163,0.07526465200885996,511,0.08533927483245354,249,0.09589335485714467,448,0.1645715209955095,181,0.21260906974237706,262,0.21843480907082521,298,0.22127160783482855,11,0.2301779169505002,187,0.23440712095993943,10,0.23878769390450713,29,0.2404195541798366
262,249,0.1944979754882727,288,0.20835011151188157,313,0.21410301063360637,448,0.218117857715417,261,0.21843480907082521,163,0.21921279113146663,511,0.2199298482430733,496,0.2304359493672597,378,0.23122775327738207,74,0.2760943595393457,33,0.28443043923140854,11,0.2874120050327208
263,296,0.050332761357915645,9,0.07523010840337437,204,0.11174917944272574,119,0.1278619056328292,245,0.16111305740626403,196,0.17179575455488214,336,0.20494857724992482,458,0.20648014165165518,416,0.22194281561355325,41,0.25221771155165956,165,0.27333096079572056,352,0.2856690052847589
264,157,0.08719496549251136,287,0.0881335256309228,29,0.09572547567342024,392,0.09966067103033392,222,0.10137877617768334,109,0.10366979166863272,409,0.10446264956842886,512,0.10521644204930364,457,0.10642395219013855,450,0.10749946090379396,318,0.10910694493550437,320,0.11032114044382968
265,355,0.0868306823082298,321,0.1346233702525638,128,0.1492909220665612,31,0.18200769144019716,47,0.18485930189904526,451,0.1872716257771644,7,0.19476793156508057,430,0.19500280904410064,88,0.19541277031867446,114,0.19933185962345468,371,0.19956474744287656,126,0.20745094891054874
266,295,0.11320130988151048,487,0.12227218606622244,141,0.17001379889362223,400,0.17841457959438373,402,0.1799333613273643,368,0.2130059220007343,328,0.21547961888608766,23,0.2264522416005935,156,0.22726867627186897,194,0.22823835814393745,427,0.24665543580785596,61,0.24986067080903201
267,334,0.02683471679390137,384,0.04897681473374286,409,0.05395726465191007,332,0.05843410660700544,457,0.06114598369123076,346,0.07007333368426193,349,0.07330176239058438,392,0.0836405217142755,1,0.08586743048768654,373,0.08593320951240371,450,0.08748714234516485,161,0.09207151810864307
268,363,0.32224203180013666,427,0.32361918373620185,151,0.3273281757325731,162,0.3389727942066367,16,0.3392438902868151,455,0.3413454240210586,127,0.3470691332702295,300,0.3604231687182556,347,0.3612778382095525,183,0.36162442347269363,205,0.36394378729201876,493,0.36565368339472465
269,5,0.05584608355039636,367,0.10016052882858764,439,0.11728007931522871,453,0.11819626052858763,52,0.11976224777703758,189,0.1250568469604754,51,0.1477714394074465,308,0.15260003082169374,65,0.15752029415744453,112,0.15760020685300818,370,0.1762748569804233,380,0.18473430856744133
270,370,0.10705865064563821,439,0.1871513891023264,506,0.18754427579265331,5,0.2236492411621785,269,0.2284648908950903,485,0.23740446635199727,51,0.24267442940955591,501,0.24397104833739397,453,0.24839663788113148,513,0.26193598736600726,367,0.26589321880922884,14,0.30039111823515785
271,408,0.0011758177878772313,282,0.061665030124296874,244,0.06383986658996543,89,0.06530416285502724,211,0.06781375157735028,326,0.10714891301758399,414,0.11263008544148238,179,0.11447533046106541,105,0.11546728310750204,132,0.1159248319935176,15,0.12343201357247598,391,0.12619597816143027
272,293,0.05864450636905331,489,0.0731891869023869,87,0.07345366427266391,143,0.07435374161776534,338,0.07527895981090145,78,0.07536566412939963,286,0.07555846852648151,210,0.08849144599654384,168,0.10008763647498461,158,0.10672775982480602,475,0.10808173459427478,166,0.10898473533510357
273,191,0.020492958343528475,237,0.053081945534685655,71,0.06125282478714275,1,0.06445963851224887,348,0.0663163312155526,129,0.07657164253678188,346,0.0828100256735428,438,0.08942488442996277,293,0.09643904080066285,102,0.09652609577656882,349,0.09750739615004156,172,0.09757347247386454
274,223,0.08333678370662187,42,0.08536986915629889,213,0.08951336743563183,440,0.09771642743925116,498,0.10893829095005425,64,0.12720244775670997,410,0.1598358957492601,417,0.16167337309312343,231,0.1657823437894821,136,0.17945658337009787,175,0.1813682643852313,341,0.18786525969848106
275,43,0.025000049514380583,465,0.04878379066649062,179,0.06966761411582993,248,0.07447855429700564,345,0.08289410546865722,142,0.08527458887782678,414,0.10321074313020623,103,0.10405767646871503,22,0.1050085064546151,282,0.10537438614701218,15,0.11014858276565193,323,0.11832416039606143
276,137,0.20369461667351296,464,0.20911038322898076,93,0.2127120251430457,233,0.2187759481288632,482,0.2553261043615641,480,0.2929003698187703,195,0.3191731093883902,381,0.3216982814198602,57,0.3437734541443072,192,0.34915739298077497,301,0.3552589955836235,508,0.3732548781883615
277,470,0.08275219257268539,207,0.08763504120558677,164,0.1304369602324328,238,0.1444349401580665,116,0.1445086538529278,310,0.15391061378266246,99,0.15823727661808654,312,0.16236361585059508,323,0.16482819770221288,364,0.1728414255570156,301,0.17482248702614603,460,0.18493548456927922
278,94,0.22021910659194904,369,0.2774142883759444,446,0.2889562468477821,519,0.3096255347774142,289,0.3422951945739223,229,0.3552770222793608,388,0.36095609813644913,406,0.36544680220765097,199,0.3754537008066728,122,0.39089880527930043,411,0.3927974675951468,232,0.4087547507779979
279,442,0.03647271176625761,351,0.04878074542824347,227,0.0643508568991161,354,0.07870796587023855,90,0.08809874239215885,8,0.09191851583989348,17,0.10417363479959614,3,0.10427896598215936,68,0.11893156941865636,241,0.12427611075297297,184,0.1314802802401023,420,0.13816546135349309
280,424,0.13179911588682822,344,0.13436885926755465,520,0.16851697874360166,410,0.17432171836633167,335,0.1808218403482023,6,0.18432670255876835,401,0.20135112900841143,498,0.21091252923336953,488,0.23630896997147524,42,0.24446930499069586,274,0.24760555049611724,213,0.2512194937898315
281,228,0.06648917730317885,283,0.08763427717181792,425,0.08869686936874302,434,0.12039901794030589,496,0.12225247989541575,142,0.17111642866937393,313,0.19052766729997112,288,0.19793068424294857,192,0.21801457886980258,181,0.23905494475437777,10,0.2485507499126613,383,0.24916957307447973
282,271,0.061665030124296874,408,0.06185129062118017,244,0.07738641950516546,89,0.07945887437099228,326,0.08556462178712824,103,0.08728277715436852,211,0.08897948137925003,105,0.09030328034679551,484,0.10496801934713601,275,0.10537438614701218,43,0.10859716767742408,179,0.10940442661431882
283,434,0.0630013501373786,425,0.07187977540140363,142,0.08422660646162156,281,0.08763427717181792,228,0.1038839631087476,43,0.16751616080297316,275,0.16798628214602954,414,0.17313405201498544,465,0.1805439766534691,496,0.1820800118045309,313,0.18343349640133244,248,0.185750006696641
284,81,0.02594859341499303,358,0.03000957761882911,102,0.052575440776260654,180,0.056998698031622934,348,0.06144015776995431,316,0.06619457802674,71,0.06681705168185663,172,0.07255335196296489,497,0.08035496466524308,237,0.081909919860998,438,0.08301439336254272,1,0.08686240339145548
285,350,0.06675744005041037,145,0.08461660413253708,441,0.11812641985986125,447,0.12126131846714151,292,0.1483255912377716,372,0.1758397637275635,384,0.18791740045213282,334,0.1883280158154997,267,0.19104230182490572,349,0.1910568433423105,332,0.1970824754588759,1,0.19898977283834635
286,489,0.020488294667864504,158,0.06982290516158421,272,0.07555846852648151,87,0.07882415118906215,143,0.08073704428492814,376,0.09009450442663294,293,0.10347708074620011,375,0.1114808116923208,338,0.11686936531538286,210,0.12108617418109524,166,0.1216589467282345,78,0.12639930559194668
287,157,0.007128890767848617,320,0.057460275497438894,450,0.05816433693532899,154,0.06333718815702277,409,0.06748084551186678,373,0.06865891281412334,357,0.0714273548829916,507,0.07444226445072875,327,0.07668572278320128,222,0.07681496882454437,318,0.079533846176769,457,0.07965926375303267
288,313,0.015140655435141474,314,0.1290860064826701,503,0.13861586355635114,383,0.14127265349846918,33,0.16493273826178295,10,0.17229602588957355,496,0.173245171318923,461,0.1733327731071138,391,0.1781005720217909,425,0.17884682468027605,228,0.18050351321785646,101,0.18566851536732032
289,388,0.1283703750692454,350,0.14619346094059646,369,0.15478369982052276,505,0.16049774468737374,91,0.17048655599687834,441,0.18004880759821937,406,0.18556362744221414,182,0.18893885527752785,82,0.1907866673495897,285,0.20207040142768645,76,0.20215222445635328,122,0.2048851884902018
290,67,0.20831605534315334,110,0.37750017501481015,194,0.38308839252888244,188,0.3914052859098555,201,0.4011765367258932,69,0.4153446227370153,98,0.41947084954354796,259,0.4336342588147094,260,0.4405698196921641,118,0.47093441462651514,482,0.4779126300833535,176,0.4829633648579635
291,218,0.1180420427798222,490,0.13349193552027047,328,0.14436664413309142,455,0.16895825675901507,44,0.16907291156828538,486,0.17013718078126422,342,0.17365861723259793,339,0.17618211860001307,216,0.17685308639943073,502,0.17806869550472773,456,0.18003135131737685,31,0.18096594640068978
292,155,0.07162020858375281,365,0.07859144139629161,255,0.12747368447077873,152,0.12953043969074715,360,0.13175982446734955,373,0.1420438555645976,357,0.14414664984644543,203,0.1471885704775359,285,0.1483255912377716,409,0.16147781950866585,267,0.16366779458114786,376,0.1648525738153101
293,272,0.05864450636905331,338,0.06537920502313321,200,0.07930692606195677,129,0.08971380346919958,158,0.09198505561908397,273,0.09643904080066285,286,0.10347708074620011,375,0.10749963119512537,87,0.10921851204458839,237,0.1093248541253331,452,0.11113881659672359,489,0.1119841127392833
294,497,0.05454423823314667,46,0.06902234024953464,81,0.07347860544624568,76,0.07769522821220877,387,0.07968410299734165,358,0.08029283415009483,80,0.08061618136659093,85,0.08108142087592818,83,0.08216080927976642,90,0.0878269579945686,3,0.09273793392794313,284,0.09879658166526105
295,487,0.03660275888022929,266,0.11320130988151048,141,0.1319057387189652,368,0.15218721347979422,194,0.15330916282381574,156,0.15888132338343605,402,0.1589965930410917,214,0.1805581888802927,23,0.18089889007609045,61,0.1835446578561883,400,0.19525247988307073,247,0.19623729437969578
296,9,0.03384609692755233,263,0.050332761357915645,119,0.15074881475078677,245,0.15197468195778185,204,0.15433572413280086,336,0.16222462024562634,458,0.1634275615504073,196,0.19223339406199336,416,0.22990471216858627,41,0.2511987274210543,352,0.27410008050751444,165,0.2788794351292739
297,133,0.04197801617079744,123,0.17319055172206513,353,0.2165620089879221,337,0.22968108981573182,256,0.23757424106465375,40,0.240610336561106,34,0.25473286715181365,461,0.2579358436009486,476,0.25957501135832234,51,0.2714487617087528,79,0.27598496563630165,403,0.2782642232991365
298,29,0.032447401124276,134,0.11197296514267935,181,0.1141753597899274,240,0.11462054264936264,334,0.11750084760788278,384,0.11942165821809445,264,0.12124190037123414,267,0.1235889948302412,349,0.12430326000069464,1,0.12651950069065598,348,0.13092626246790715,10,0.1333207130877069
299,170,0.002269724673677531,239,0.041385851382375015,420,0.04906887361854713,515,0.0672903769529643,216,0.07705407508269334,68,0.08462584581921813,339,0.08646662280552972,3,0.08768498358397395,389,0.0909115286499991,173,0.09323569884669435,351,0.10158014847283303,90,0.1020280713314731
300,162,0.10942538792376538,456,0.18264185063245067,136,0.18627800134877884,444,0.1917329189577976,175,0.19932214766141967,455,0.20253382704169082,493,0.22089107795799884,398,0.22742276206874845,219,0.22894710473952642,504,0.2409807581931383,39,0.24307865479629528,198,0.25186186289824786
301,45,0.13471012164099405,53,0.13857034114639172,225,0.1446308926690044,195,0.1516199767169736,449,0.16052751808625185,192,0.16217306661284467,305,0.16601568404708067,277,0.17482248702614603,135,0.1750462510843575,436,0.17518766366431418,57,0.17638778430384622,106,0.17869191793264003
302,148,0.07413554833583888,49,0.08391620110516668,84,0.0844848720048667,258,0.0949207644367433,466,0.10566290807519291,374,0.11791517361521703,421,0.13785899417898187,396,0.13801521485629792,476,0.14390515028846282,412,0.14679138111628715,433,0.15147659948882436,113,0.15239610287153016
303,454,0.11707204213590112,36,0.12048108971383963,130,0.13745654995263734,404,0.18632217682090896,66,0.2617180504754133,504,0.2782013253797603,432,0.27896684538675154,221,0.2917526030600848,190,0.30312109364125256,347,0.3033047486658028,232,0.31296911129381283,155,0.3139106437594774
304,234,0.11117006486670865,315,0.15404150370098296,62,0.1613228487312052,203,0.21737423345570556,131,0.23221249897687374,376,0.23851958145349855,327,0.24208250768764886,365,0.24231262123821679,230,0.2553124951044458,255,0.25830875741640447,322,0.26263095521334784,152,0.26368485955646015
305,106,0.06942197324216924,225,0.08927544647949061,449,0.09244030809340878,343,0.1035601760558347,436,0.11003553922584981,325,0.12560760434712992,53,0.13621688350419106,73,0.14058208932190322,310,0.14439324045232724,45,0.14526205851433396,135,0.14741645696686406,301,0.16601568404708067
306,361,0.07289089412571925,401,0.12668267878873923,509,0.1627397459748787,331,0.16938751253451093,72,0.17032299937189013,473,0.18456441938070867,6,0.18668865567226173,178,0.18694195069524475,252,0.1870565317679349,424,0.2081018150996652,517,0.2185703938743007,488,0.2233849103248478
307,63,0.12498371284636395,386,0.12595029829177348,260,0.12616942201437958,28,0.13780849416425187,259,0.13844443675505871,160,0.141074945903785,44,0.15113837868163912,379,0.1531176213909713,477,0.15444347249693108,377,0.16183105815868082,415,0.16212683784081175,108,0.16442517456940767
308,149,0.08499928511061863,52,0.12960881491086262,189,0.13139633086918107,269,0.15260003082169374,380,0.1662749098881428,112,0.18257221701697968,5,0.1891277568088461,453,0.18934948364859233,439,0.20462253050328374,246,0.21480082277005316,13,0.22365924106525048,367,0.22409115172365746
309,382,0.2159135618481803,253,0.4267724426222074,187,0.5442985041329222,11,0.5456047310837308,262,0.5963780200177841,448,0.6045981217407738,249,0.6458122107014769,496,0.6534759774707073,215,0.6584825116155163,34,0.6606556638062697,426,0.6757622499142562,74,0.6957608356200206
310,436,0.0517019656558934,449,0.08823857286633285,470,0.09354520342851096,518,0.105445779227707,385,0.10647810739355253,106,0.11338215587366306,139,0.12618589388797397,116,0.13620207876993778,305,0.14439324045232724,99,0.15024713081052873,125,0.1504357418002848,73,0.15147560794869852
311,41,0.09068754666161497,58,0.22260116152399523,263,0.3146389672082225,86,0.31788831906937065,296,0.32164496763155803,9,0.32927644397267986,411,0.35242961822500496,95,0.35408287631536595,245,0.3694007445950205,336,0.37996078317789317,204,0.3830256587537712,119,0.3993715587586102
312,164,0.06558992196547402,364,0.0754350729896487,463,0.10713793973391385,207,0.12170021954088256,92,0.13148257141453443,470,0.14797965485826933,238,0.14921100475148535,399,0.1547457928982651,277,0.16236361585059508,33,0.1631535605071813,127,0.16753590223248827,508,0.1704273154329236
313,288,0.015140655435141474,314,0.12297646917251212,503,0.13003685698909168,383,0.131741212890336,461,0.16154916316491486,496,0.16608609724757062,425,0.17263893869344585,10,0.1730003536711342,228,0.17806276962688028,33,0.17814412007660915,391,0.17904304267865,283,0.18343349640133244
314,503,0.026163219396389565,383,0.03779046237093686,461,0.08095171465066395,313,0.12297646917251212,353,0.12436996891862756,288,0.1290860064826701,391,0.14759646363434048,40,0.16538442028842787,10,0.1741433412874614,132,0.17630294904921778,397,0.18214020878244194,140,0.1829273056622411
315,62,0.13852052856600963,304,0.15404150370098296,131,0.15834769322823206,203,0.1753759636508237,234,0.1772946181410113,327,0.1797310741374867,221,0.1968160353514672,322,0.20523278784646015,61,0.2059088195028788,226,0.20742662033910225,18,0.2095235269559409,357,0.2123089496947053
316,515,0.04128573693388998,102,0.046336938149404795,81,0.06230961385172196,284,0.06619457802674,438,0.06928617562857195,3,0.07010744661429724,173,0.07386082178857456,349,0.07521346373778892,358,0.08716071814997986,499,0.09108438165483186,239,0.09142831001519576,90,0.09278590292528177
317,329,0.1264980532470134,420,0.13462826704076378,492,0.13896606875335804,419,0.13912237957078782,147,0.14147455887680144,68,0.14225109409339456,241,0.14486490347424388,197,0.1525879928664082,170,0.1577220739903253,299,0.1588051455306889,372,0.16395815243529696,389,0.1663472411707627
318,467,0.0206521164720182,346,0.07872472966313353,35,0.07938717115442384,287,0.079533846176769,157,0.08041427071167657,392,0.08139187641565226,450,0.08162445126296727,479,0.08292117217542475,320,0.08791272389013859,222,0.10376044133169816,512,0.10579508500793945,264,0.10910694493550437
319,388,0.12203096689124561,91,0.13822120521480089,390,0.15489101235621594,341,0.16148160666160224,516,0.16292859415374608,80,0.1764632672542073,387,0.17970600862202954,85,0.18200195485280546,374,0.18242701405923387,182,0.1833312566204487,209,0.18336253630556326,505,0.19617063496184325
320,450,0.01264628861949802,154,0.036657681111158275,287,0.057460275497438894,322,0.05964716551346,346,0.06158621728325745,157,0.06444452281696265,152,0.07344881229972149,373,0.07368914557982159,467,0.0780807446536679,357,0.07903111082960486,360,0.08290616184992639,255,0.08337918539309443
321,126,0.08721803886974765,47,0.09895252180780194,147,0.10420640175679322,492,0.10705024810326745,329,0.1160908081848156,325,0.1202021733325173,31,0.12068504166704161,419,0.12170218706905621,88,0.12439313024833878,241,0.1331670683673078,68,0.13343568573686146,108,0.1345677788602645
322,154,0.03597987373835357,320,0.05964716551346,327,0.06452185052757954,450,0.07044389652033389,152,0.0719896596472304,255,0.07914188177732678,203,0.07973766136241209,287,0.08117805228289879,357,0.08217614616168538,373,0.08430782003859018,157,0.0869374135869188,360,0.09338966926736623
323,99,0.012289398595392891,345,0.03562449269967852,116,0.03837701881184743,465,0.07088763826937022,135,0.09079541155607496,15,0.09134380968477582,179,0.10416491891597707,414,0.10616811319337359,275,0.11832416039606143,248,0.12735571575497534,428,0.13029193339567202,45,0.13542340391598895
324,445,0.07948189742340632,475,0.08304222713229445,396,0.08488032761098088,82,0.08517183076663769,148,0.09913937807923576,412,0.11534652312273168,70,0.11797446465692352,168,0.12671706632024762,91,0.14226036479970985,374,0.14700306132181234,84,0.15386979971892326,421,0.15446565018618058
325,47,0.06825484977950559,88,0.07240393203464038,108,0.07948508625503495,126,0.07975798080243673,451,0.09137121140648205,377,0.11496479392397552,321,0.1202021733325173,305,0.12560760434712992,114,0.13027435923582456,73,0.13128620494519275,492,0.13309862150957952,153,0.13413902813231035
326,484,0.06796584973681079,282,0.08556462178712824,39,0.09605352631459455,179,0.09973405873377143,271,0.10714891301758399,408,0.10746882245692832,22,0.10889193329814861,89,0.11588718463771501,103,0.1193032422581707,275,0.12018705015191246,211,0.12072273852071738,43,0.12388538085764535
327,154,0.06033168062648611,322,0.06452185052757954,131,0.06607957613362254,203,0.0758023409805304,287,0.07668572278320128,157,0.0791122630854262,357,0.07929827434311941,373,0.08735949777204757,152,0.09138515542674926,320,0.09159471288394404,507,0.09661109414983987,18,0.09742402924629605
328,368,0.11040623572386742,415,0.11161964982548282,502,0.11622807578237174,342,0.1170529698919765,490,0.12931562881093073,44,0.142875545605653,512,0.14380138541733198,291,0.14436664413309142,486,0.14498347837355793,222,0.14657260314712228,63,0.14926828268362843,514,0.15135735959634786
329,492,0.041306875231200135,419,0.04699296107670501,147,0.048736796485834316,420,0.06480305380174738,126,0.07255293857236117,241,0.07641632400074921,68,0.08228303488974678,389,0.11144865588483918,47,0.11166063737996729,170,0.11187357895849581,299,0.11378326370924904,321,0.1160908081848156
330,181,0.10885453290943305,437,0.1147987377909616,254,0.13433742947555916,109,0.13712024444130175,10,0.1409912426865652,240,0.1437094414741306,508,0.14532508215537174,134,0.15085201032209464,264,0.1518225944039125,298,0.16857632678948425,101,0.1699842628759131,29,0.1703775357349546
331,473,0.0772868106387706,178,0.0830477656910359,509,0.1409629269168711,421,0.15948779582222064,401,0.1654502565002956,306,0.16938751253451093,258,0.17246212308363848,302,0.17636956590611177,374,0.17661331124091562,37,0.1801299199523096,60,0.18109507682855858,361,0.18635499107851078
332,235,0.04293997387985573,457,0.04945730793049166,267,0.05843410660700544,392,0.06369786360165346,384,0.06420895453703988,334,0.06941708150034989,409,0.06985589879309122,514,0.0756292958600323,349,0.08063700039821366,512,0.08742357114368181,134,0.09244565528143218,222,0.09282748975374908
333,111,0.1668729172942143,474,0.18420603736414784,221,0.20058309739173508,468,0.21078688892472147,66,0.25696807473761296,36,0.2733673658501079,404,0.27977508038154264,202,0.28369901872928344,454,0.2918965655973474,214,0.3023141768002235,155,0.3058234541562407,130,0.30952925348294724
334,267,0.02683471679390137,384,0.02893682747489154,349,0.051205390118355974,1,0.06136638605658694,332,0.06941708150034989,346,0.07015147250486546,348,0.07334143058033707,409,0.0807907997545442,129,0.08502016001342265,102,0.08548674503845365,457,0.08567417101390051,392,0.09465621708530811
335,344,0.13158414524030962,410,0.15291316605942262,280,0.1808218403482023,236,0.18948893373679032,498,0.19813191465832294,520,0.19939205162057838,491,0.21544062589615118,418,0.22131595067624849,407,0.2309081202558546,213,0.23767219812870918,42,0.23782013326680088,424,0.23808458934730023
336,458,0.07486428674427456,9,0.14489923943149713,296,0.16222462024562634,104,0.19691096268575303,263,0.20494857724992482,489,0.20699404913199837,376,0.20700945134494209,168,0.210361118772457,143,0.21146285833889847,70,0.2201081813181941,286,0.22276306666830903,78,0.2316852939723675
337,461,0.13501795498409963,353,0.1517847164372358,383,0.171626625773342,503,0.18131817796531174,133,0.1938468664999221,314,0.20487028876801958,79,0.21504751827129304,469,0.22911308856401233,297,0.22968108981573182,313,0.2297446373202341,496,0.23674698908481046,288,0.24466854723591266
338,200,0.05173677935524116,293,0.06537920502313321,272,0.07527895981090145,143,0.07948473497929133,129,0.08354912011837445,452,0.09037726174615142,475,0.10445764437157982,166,0.11109158891347609,168,0.1149360435956,286,0.11686936531538286,158,0.1185350997876599,1,0.12090765180344287
339,216,0.016027535018213836,486,0.05021623310167272,239,0.05895033030087203,490,0.06200903036965217,235,0.06237424172950501,389,0.07282057417485409,44,0.08101615542200603,170,0.08613476062189207,299,0.08646662280552972,342,0.09599312246749386,502,0.10185977901629147,332,0.1053076607774033
340,139,0.036785431625942576,125,0.09580853513732382,120,0.09870248853573357,243,0.11907847554477241,115,0.12826207725576352,470,0.1459712205162056,518,0.14784827227835573,55,0.15026181764168495,310,0.15427708313502492,385,0.1606465430665416,436,0.16146478223405622,400,0.17149319335462274
341,387,0.04058719577304157,80,0.09293658602338824,497,0.09656958225311964,85,0.09669917566703838,516,0.0971227671427207,294,0.09896392929391505,59,0.1022830146627148,83,0.10416668144548887,46,0.10875784434661002,209,0.10904958845148871,390,0.11665476015671697,223,0.12063049254789611
342,502,0.019040380330546332,415,0.040033516216830274,486,0.048592014873857774,44,0.05643718766325148,490,0.059443110707918925,368,0.08793770643562554,63,0.09352521051251009,339,0.09599312246749386,216,0.10315279159561964,235,0.10627594266734836,514,0.10940052906234214,254,0.11050308668908486
343,106,0.09412507070556858,305,0.1035601760558347,73,0.12505897790022852,449,0.140481239125777,436,0.1462289143875787,325,0.16096426901157726,225,0.18344275123036802,310,0.19149142094822036,451,0.19923884845351172,88,0.2037406157867065,47,0.21041515333585886,377,0.21245560749346792
344,335,0.13158414524030962,280,0.13436885926755465,520,0.17745087207906637,424,0.18936912548881232,488,0.19579470622859824,407,0.22230241837918174,410,0.2269267960653303,491,0.22788590908241826,498,0.2592148730463418,6,0.2736430891927276,401,0.2737293107833401,361,0.2839134755255004
345,323,0.03562449269967852,465,0.036829038479440926,99,0.04575935015690923,116,0.07161277854249715,179,0.08024239086674205,275,0.08289410546865722,15,0.08396982617268137,414,0.0930129973367877,135,0.0934628632099749,248,0.09815045001008241,43,0.10301264243809616,22,0.12651945845416282
346,450,0.049067897300457824,320,0.06158621728325745,267,0.07007333368426193,334,0.07015147250486546,467,0.07016306273653398,318,0.07872472966313353,273,0.0828100256735428,384,0.08710126482166347,287,0.08723671034222542,392,0.08726946044496114,191,0.08823205202472928,157,0.09131437449181726
347,432,0.04902927604933695,504,0.08682454705227041,151,0.11457830575431212,363,0.12844127452853385,404,0.12977335785623664,32,0.16554544727571102,221,0.175599886955809,190,0.18478042276685394,455,0.22650316171264095,427,0.23804388250742722,36,0.24704457531696633,429,0.24782538029193552
348,1,0.02583336632362976,102,0.05144819746994325,349,0.05763070544867137,284,0.06144015776995431,191,0.06253353798102583,129,0.06528331954294549,273,0.0663163312155526,384,0.06716447130553806,334,0.07334143058033707,71,0.08029308330407933,237,0.08246811505901572,358,0.08594295061358576
349,384,0.02439024390243899,102,0.03821082961436825,334,0.051205390118355974,348,0.05763070544867137,1,0.06597596460575292,267,0.07330176239058438,316,0.07521346373778892,438,0.07928301937471974,332,0.08063700039821366,191,0.08638533303464269,284,0.08794252721435099,515,0.0938037795020655
350,285,0.06675744005041037,441,0.08601917984660595,145,0.12734046574041386,289,0.14619346094059646,505,0.16054615076910622,122,0.16290614331143158,447,0.17293393116598813,406,0.17774032191094116,369,0.17899355357442095,292,0.18871964240300979,102,0.1888517770591938,348,0.18973134232021746
351,279,0.04878074542824347,354,0.06190251862186106,90,0.07344424767707758,442,0.07797921171047917,3,0.07828022635110597,227,0.08072010589496362,173,0.09248019946208975,184,0.09471164589910676,299,0.10158014847283303,170,0.10232963818814894,68,0.1027391581799642,8,0.10400132570641239
352,403,0.1758523228217114,196,0.2044543554919155,165,0.22718972974992585,119,0.24054947455218584,416,0.2469567828908516,104,0.2629326417289728,458,0.27017569057300855,245,0.27089016691466944,257,0.27392325142743096,296,0.27410008050751444,204,0.27431459516833656,9,0.2744542130799354
353,461,0.08344990587568876,383,0.10371811918745588,503,0.10724296361444366,40,0.11069752008369588,314,0.12436996891862756,337,0.1517847164372358,362,0.17180794597541413,133,0.18088950716189045,244,0.20431867397205178,313,0.21207653574954644,105,0.2124632094562449,297,0.2165620089879221
354,351,0.06190251862186106,90,0.07212509771495963,3,0.07584314499979566,279,0.07870796587023855,173,0.09313269428590336,184,0.0947354582785109,435,0.09539651086763104,499,0.09738846329153701,46,0.10236320644846564,294,0.10272154987019472,227,0.10922278583622744,515,0.11246143725049737
355,128,0.08007774530282033,265,0.0868306823082298,371,0.11931166364135737,430,0.13522026059072614,186,0.1447293241808882,356,0.15462912391138614,144,0.16412956975111243,7,0.1805986642025689,321,0.1940883154534236,31,0.21896932730857355,218,0.2209759249956526,231,0.2213473547992596
356,186,0.024344382364490675,430,0.03552571806882692,144,0.07718282149760938,128,0.13477965815812126,7,0.14891957688973737,371,0.15242622709162854,355,0.15462912391138614,159,0.15608850673426225,231,0.168436526745155,50,0.19524047274761014,265,0.22316074361027818,418,0.2306776779057019
357,373,0.01225041439849945,152,0.04388838979020243,507,0.05676689742641228,409,0.05820725287496858,131,0.06392986076118201,203,0.06393729367544361,18,0.06783094478301109,154,0.0711221842398108,287,0.0714273548829916,255,0.07296147545315229,157,0.07417644017911966,320,0.07903111082960486
358,81,0.026340960735612706,284,0.03000957761882911,180,0.03403265866934424,497,0.05125301123023733,172,0.06331654378223352,71,0.07247288771002741,48,0.07578888743221854,85,0.0770475113007288,294,0.08029283415009483,209,0.08134460856589398,102,0.08227840812716425,237,0.08459559596349364
359,59,0.02726987106765135,481,0.06301752110682052,180,0.08990244823445294,387,0.09958038068478305,358,0.10405254645031585,48,0.1079580250080909,237,0.11054480870157968,27,0.11102424904236458,209,0.11116916473293834,405,0.11125240580397461,200,0.11163171782945057,284,0.11199429939598443
360,255,0.05908169853341194,152,0.06584748599269521,198,0.07503934756531734,320,0.08290616184992639,158,0.08326680251980861,450,0.08374114419098548,373,0.08720480325046999,129,0.09265750846477318,322,0.09338966926736623,357,0.09388303362106444,154,0.09444232369166089,346,0.09946854493002437
361,306,0.07289089412571925,401,0.11980593232721866,424,0.17294551963092,6,0.17583963926857132,509,0.1818802143907675,473,0.18298226368365736,331,0.18635499107851078,488,0.19508075747155124,60,0.19794592958194338,252,0.1997680604334975,178,0.20573328533212956,72,0.215419722638397
362,40,0.09656076032698949,500,0.13772177850210324,244,0.15513417653037917,105,0.1656862255598331,353,0.17180794597541413,394,0.17688536789785006,107,0.18525034897912399,403,0.1902663810170017,397,0.19239018013343234,132,0.19663834777064756,461,0.2026882668584813,408,0.20514734412877011
363,151,0.019542355863235217,347,0.12844127452853385,427,0.1297793148410977,32,0.1710350878455618,221,0.1717774373378259,12,0.17676992955483306,432,0.1772346712587984,504,0.1885959680587726,404,0.20563660454385949,97,0.21878834579640363,429,0.22953656535358974,190,0.25443931415045307
364,312,0.0754350729896487,164,0.08093980705798495,463,0.10205136346764239,518,0.12281994220491413,207,0.12357696545205035,399,0.12816897648470074,508,0.12849667504751083,470,0.1316695506156087,479,0.14574031482317065,35,0.16045229209362963,57,0.16386293392496631,92,0.16514339536323627
365,155,0.05710169760717662,292,0.07859144139629161,255,0.136178046645556,203,0.1365104682694925,376,0.1439466554305612,152,0.14401668315684477,360,0.16368927720151957,357,0.16510161373879734,373,0.16844792453390572,131,0.17056534635151888,226,0.19624135377654198,468,0.198027376472449
366,19,0.06436812340687442,114,0.17111769797277285,147,0.18021063367926532,492,0.19039287792622184,317,0.19579332001615485,197,0.2073659950746984,379,0.20891999294885735,47,0.21580852772008827,419,0.2161074228133523,451,0.21749936945009005,329,0.2179368584267874,241,0.218524468114928
367,65,0.09403362514635925,5,0.09934995561608881,269,0.10016052882858764,112,0.12395155587051626,113,0.14018689142751595,242,0.1419874513633799,453,0.14638635906327557,51,0.1508519260322941,52,0.15489898787169792,189,0.15697653133887124,37,0.15982840849228927,466,0.1616432510170674
368,415,0.07512390680501796,502,0.08143031115585231,342,0.08793770643562554,61,0.10290802760282955,328,0.11040623572386742,487,0.12184952190389534,141,0.12274965856208257,486,0.13300678464806762,44,0.1343432794018793,63,0.13817374345467548,490,0.14096542738358342,222,0.14329642785302588
369,94,0.11374984618629534,289,0.15478369982052276,229,0.15790049084091196,388,0.1762929345037434,350,0.17899355357442095,406,0.20013646540003477,519,0.20049448665001468,122,0.21893233533568207,199,0.21917551026599175,441,0.22238541150542815,91,0.22371638653816842,285,0.22373063078190886
370,270,0.10705865064563821,439,0.1364001200510866,269,0.1762748569804233,453,0.17734445673776403,5,0.1954813194006507,506,0.20160459826649468,51,0.21749456702175446,52,0.22950064060360215,189,0.23577806421738653,367,0.24237372851901018,308,0.26840978131548066,138,0.2958259474407547
371,128,0.11101215118051382,355,0.11931166364135737,186,0.14924285096233966,356,0.15242622709162854,430,0.15890677317783142,218,0.17954048582618778,144,0.18987189647688085,265,0.19956474744287656,7,0.23619195466353593,50,0.2475738890537772,431,0.2495181151877427,159,0.25741826933844464
372,447,0.0991283016796242,145,0.102824237369676,339,0.12735159481452094,216,0.12780500163977387,486,0.1305660992639352,490,0.13264863821566356,44,0.13726256703853773,389,0.14056332682936393,235,0.14610715477206415,342,0.14662677824052336,239,0.14926274503465567,502,0.15158965310878278
373,357,0.01225041439849945,152,0.04443212317466164,409,0.04921617858826457,507,0.059199226409007724,287,0.06865891281412334,154,0.07162062179004651,157,0.0716302990937686,18,0.07213669742570987,255,0.0728271831365263,203,0.07301855559283581,320,0.07368914557982159,131,0.07595377376544228
374,148,0.09604538172437538,302,0.11791517361521703,20,0.12669468680645546,433,0.1272118474553393,390,0.13722326393589115,60,0.13969908057193162,82,0.1425342432585679,49,0.14357185422408267,91,0.14494167723823434,421,0.14572311644608377,324,0.14700306132181234,473,0.15224517430277718
375,158,0.0869390893172336,293,0.10749963119512537,286,0.1114808116923208,210,0.1187724875027471,212,0.12189473634596018,166,0.1219582186622275,272,0.12332731732949276,489,0.12444233644400117,129,0.12552539247389902,450,0.12709286593201358,320,0.12761665290997118,338,0.13029916623782362
376,286,0.09009450442663294,255,0.09355906653408243,489,0.09719250131947015,158,0.10689844471166841,143,0.11344194565046092,360,0.12092758999832791,152,0.12186277030731152,203,0.12436721432337064,322,0.14284977539227897,365,0.1439466554305612,154,0.14570738451329873,375,0.1488231767178439
377,108,0.06221723130164013,88,0.06728371802682816,451,0.07326673201445548,379,0.07802410127911337,477,0.08792376875657387,28,0.08853841203441865,160,0.08975360846121973,114,0.09973519743310083,47,0.10978681068920286,386,0.11383868511322918,325,0.11496479392397552,31,0.12468426480833983
378,261,0.058244635546198825,163,0.0759757845762541,511,0.08886818591295995,249,0.09656222088290423,448,0.1577873776726083,181,0.18759989755296919,187,0.2065185737190807,11,0.2097960446116349,250,0.21700508999050946,298,0.21804527291204234,240,0.22254459572611776,496,0.22465466983448124
379,28,0.03344186704816721,114,0.050647204820683786,108,0.06487815632076631,88,0.07331051362210925,386,0.07760157661031873,377,0.07802410127911337,419,0.08214976545294216,31,0.08677699358703166,451,0.09047191080794437,492,0.09573789372982498,47,0.09680288531607371,160,0.10469055825498225
380,246,0.08917194423289826,112,0.10429545842028833,37,0.13271857257535294,396,0.14199558289098832,65,0.1504564580920167,113,0.1561009168062748,189,0.1583594593892718,242,0.16033505105222226,52,0.16043157472581468,70,0.16214164499556238,466,0.16270881740305368,308,0.1662749098881428
381,480,0.07592577530799316,57,0.11540861503522383,449,0.14669322914920488,93,0.15131895847410642,192,0.15834337176538926,508,0.16396152503437916,436,0.17242168297819208,310,0.1813146540873089,139,0.18750702990773804,106,0.18796192937646483,464,0.19327783331586137,125,0.19352748906360762
382,309,0.2159135618481803,253,0.344102424645182,215,0.5709993012642538,262,0.5961706498950776,187,0.6089797724674344,11,0.6188702830705394,276,0.6234720304774671,67,0.6318703516197908,426,0.6531783879680597,137,0.6564454407375138,464,0.6643012747612799,249,0.6644416621004062
383,503,0.012195121951219523,314,0.03779046237093686,461,0.04440315792980628,353,0.10371811918745588,313,0.131741212890336,288,0.14127265349846918,391,0.15872224546477734,40,0.16232015150343235,337,0.171626625773342,244,0.1746100015689526,10,0.18181555124515514,408,0.1848033902824795
384,349,0.02439024390243899,334,0.02893682747489154,267,0.04897681473374286,102,0.06196453413284195,332,0.06420895453703988,1,0.0659759646057529,348,0.06716447130553806,346,0.08710126482166347,235,0.08894704034522675,191,0.09301716916111269,392,0.09437931679683179,438,0.0962300220787385
385,518,0.07335091341789318,310,0.10647810739355253,478,0.12663977978667193,436,0.13651806927110763,470,0.142469965814491,139,0.14726479496176273,328,0.15319903211111485,116,0.15617948230702258,340,0.1606465430665416,428,0.16200302400768127,99,0.17406444282000452,449,0.17764439297624102
386,28,0.0443792141860314,63,0.06142121828165563,379,0.07760157661031873,389,0.07829229933000992,44,0.0813276937967418,108,0.09252206031827785,419,0.10085201211533866,31,0.10596574871358842,160,0.11130839117497476,377,0.11383868511322918,490,0.11615151986094457,415,0.12291241346901104
387,341,0.04058719577304157,497,0.06812099960773281,59,0.07288963259904732,85,0.0768601830708559,80,0.07804733701937512,294,0.07968410299734165,209,0.0880728064061413,358,0.09077871214897351,180,0.09379064505979948,516,0.09411873989283272,81,0.09695774416434134,83,0.09858814220243427
388,319,0.12203096689124561,289,0.1283703750692454,505,0.13155909832950674,182,0.13179614027354292,91,0.14532537019516048,406,0.154399082146558,369,0.1762929345037434,516,0.188280569363987,80,0.1910943720764328,390,0.19233577255290002,85,0.19381082062964264,122,0.19704263951911263
389,216,0.057946138064480505,339,0.07282057417485409,44,0.07376215465685335,386,0.07829229933000992,420,0.08074269583033912,490,0.08438456649060441,419,0.08797478726605877,170,0.08900454226670085,299,0.0909115286499991,239,0.09683397882769268,486,0.0994611426307061,28,0.10026089516227871
390,516,0.03315698375244503,80,0.06002137083921058,209,0.06797495951101089,85,0.06846402080946784,20,0.07169390622471392,433,0.07822397889127364,30,0.08831724564243804,497,0.1001208235177092,83,0.10285474860556004,76,0.11653046133569635,341,0.11665476015671697,405,0.11834203168863315
391,101,0.0985018047821044,211,0.10379363004380934,414,0.11702073990912881,271,0.12619597816143027,408,0.12654416770732752,224,0.1318154067077123,460,0.1325229178291973,132,0.1368493481861626,15,0.13882684343406565,494,0.1412542333267752,314,0.14759646363434048,56,0.15231432227095895
392,514,0.0423664323838715,512,0.053040357554140063,222,0.058934015456663255,332,0.06369786360165346,457,0.07271977244630079,157,0.08012076443631957,235,0.08128164054306694,318,0.08139187641565226,287,0.08327985613654801,267,0.0836405217142755,409,0.08569375134553689,346,0.08726946044496114
393,118,0.2075580343873882,26,0.20833107625614022,167,0.20998908927492502,230,0.2416915286507087,75,0.2695295436712336,62,0.27093183555629136,472,0.2789778573550234,234,0.28110974583927567,140,0.286751811230592,471,0.2907374326998453,177,0.2939386580369189,146,0.2980576789865922
394,21,0.09152878586479564,257,0.10084094584462025,397,0.11903458596836049,220,0.1417111451672568,132,0.14813898056351216,494,0.1484884464135004,40,0.15477616702164157,104,0.16094510541207557,362,0.17688536789785006,56,0.1809531950516723,87,0.19555796911732942,395,0.19760413385132533
395,460,0.11555409478593735,220,0.13422280471472375,391,0.17223013689303218,493,0.1796388928262031,211,0.1859924575537433,494,0.18851237466453583,132,0.19184134907398556,56,0.1925773973360269,397,0.19576229683888377,394,0.19760413385132533,117,0.20472360270647535,224,0.20620024570754122
396,445,0.07176770573736208,70,0.07327600493782524,84,0.0833774461649199,113,0.08472502307189196,324,0.08488032761098088,466,0.08570962573314184,475,0.08871954136177318,242,0.09038446777237247,148,0.09126543955906022,112,0.09131744437985523,421,0.10680624387014775,476,0.1078211792471941
397,132,0.03410525356205505,494,0.03676214130951749,56,0.08850535672444307,220,0.095323466129238,394,0.11903458596836049,224,0.1311861520844835,87,0.1396189157142456,408,0.1469428380583353,271,0.14742665528040494,244,0.15855121036065795,391,0.1606409098590672,257,0.16699953349524777
398,481,0.14730365225195455,293,0.15688107002736032,272,0.15994821887396585,421,0.16664675052417136,87,0.16720844827843653,136,0.16942168994762202,484,0.17014585914499358,359,0.17300865791394632,78,0.17826795430810694,200,0.18705342474676187,338,0.18753335567710208,237,0.1891099876551598
399,127,0.11621943407869151,400,0.11649132708412721,479,0.12137079684219965,364,0.12816897648470074,518,0.13503465931230743,312,0.1547457928982651,35,0.15579167289455836,222,0.15686732685740745,512,0.16101797265491077,217,0.16761763448636274,478,0.17072684635359023,16,0.17083029594772675
400,399,0.11649132708412721,16,0.13185479830169977,115,0.16761919838970127,340,0.17149319335462274,266,0.17841457959438373,487,0.1920348507272157,364,0.19493701658524598,295,0.19525247988307073,518,0.1978362063198808,127,0.19903682535271708,139,0.20308285345255184,328,0.2037663723914456
401,6,0.0716315656147605,361,0.11980593232721866,306,0.12668267878873923,424,0.13029048215763708,473,0.14211601853709294,60,0.14527425025360344,331,0.1654502565002956,374,0.20059990345902268,280,0.20135112900841143,509,0.2067935368426543,520,0.2110026795262988,178,0.22045990731424478
402,141,0.05174919410241505,23,0.06777559715861442,247,0.12963037833904756,487,0.13215979732229452,156,0.14089482433883874,295,0.1589965930410917,477,0.159298316164763,201,0.16712523753312808,160,0.17087751426531744,63,0.17280390207501306,368,0.17431866172224003,415,0.17859545941346375
403,500,0.16741476563651922,352,0.1758523228217114,40,0.18659411626057457,104,0.18950990706848128,362,0.1902663810170017,257,0.19353471565789296,394,0.20778533818009762,242,0.20802363741276414,113,0.21893382361283265,21,0.22251235992716217,65,0.22473326274758412,37,0.22843427988695916
404,432,0.12583024123067557,347,0.12977335785623664,504,0.14493265117991747,221,0.14603615476507456,36,0.15142347474765566,303,0.18632217682090896,151,0.19479031229400248,363,0.20563660454385949,190,0.21591593021102534,454,0.21858355819034908,32,0.2201911850721514,66,0.23270427145641023
405,27,0.0019949268086455474,48,0.030703160588892962,30,0.03815711712670325,172,0.06211883410079366,209,0.07266461738752882,180,0.07365422532495472,237,0.07378039337687231,54,0.08111315092315909,85,0.08282057187358545,71,0.08392501967276611,20,0.08826779772939017,80,0.09042152361087637
406,122,0.05244655162262478,441,0.12793073264263646,505,0.12894981313149845,182,0.13070862132685965,388,0.154399082146558,350,0.17774032191094116,289,0.18556362744221414,369,0.20013646540003477,317,0.2230021963576313,285,0.22942635953925142,145,0.2363198740705241,319,0.2505708917711851
407,491,0.059229153419930174,488,0.1064536955723007,520,0.1190972091409984,418,0.17402619672645514,185,0.19121622334150934,424,0.19708326169846557,42,0.2067305966308474,150,0.2105476294900557,213,0.21682237673853944,498,0.21849980782202477,344,0.22230241837918174,175,0.2253126802441106
408,271,0.0011758177878772313,282,0.06185129062118017,244,0.06275485398229658,89,0.06557489832597932,211,0.06827861783798299,326,0.10746882245692832,414,0.11374659367234734,105,0.11467882011346507,132,0.11555174430522498,179,0.1155727236515814,15,0.12458486395085394,391,0.12654416770732752
409,457,0.028655869001357092,373,0.04921617858826457,267,0.05395726465191007,507,0.054817866396468934,357,0.05820725287496858,157,0.06709059647614868,287,0.06748084551186678,332,0.06985589879309122,18,0.07029073900655888,334,0.0807907997545442,392,0.08569375134553689,450,0.08667412458250087
410,498,0.08746008837689774,213,0.1303756287822653,42,0.1343119224000355,335,0.15291316605942262,440,0.15599551541009063,274,0.1598358957492601,280,0.17432171836633167,418,0.18156519731957863,520,0.19220271060889071,424,0.20103403850327195,231,0.2091693066971718,223,0.21527730180482438
411,86,0.08777296699322101,199,0.1021351749027375,229,0.16194936420719405,232,0.1823642126373753,519,0.20541904740968606,246,0.23971432788735383,94,0.24021218618564308,369,0.2679224646766276,149,0.26931592046648106,324,0.2747306300369391,380,0.2841777100525045,58,0.287867638250166
412,148,0.10751575832859722,171,0.10792759290833889,452,0.11121589970416958,324,0.11534652312273168,82,0.11847229787345456,475,0.11961369378292665,445,0.12248901084814375,396,0.13167538607918627,476,0.13551705381335724,302,0.14679138111628715,469,0.14789657677652668,200,0.1536728468541456
413,500,0.16675688857153728,517,0.17123056887821292,107,0.1863963747653632,105,0.20370701528294136,60,0.20851826256316844,49,0.2087385798066974,331,0.2159979335506807,362,0.22300379895225406,398,0.22411314206888439,484,0.22542352616622896,244,0.2328122753752186,421,0.2372708805118203
414,15,0.03819482149272975,179,0.07604570681428742,465,0.07876923412567885,101,0.08864657089807058,345,0.0930129973367877,275,0.10321074313020623,99,0.10547513716135734,323,0.10616811319337359,211,0.10797528442421035,142,0.11042810160154341,271,0.11263008544148238,408,0.11374659367234734
415,342,0.040033516216830274,502,0.05275326322464724,44,0.061749791418036465,63,0.06839545738556464,368,0.07512390680501796,490,0.08261393605396442,486,0.08541083569218452,328,0.11161964982548282,386,0.12291241346901104,339,0.12746554973685506,254,0.12948160400157752,216,0.13106335261734706
416,196,0.13994405209616623,204,0.20332757112071878,119,0.20440383341571727,245,0.22164390850735222,263,0.22194281561355325,296,0.22990471216858627,352,0.2469567828908516,9,0.2499053072377386,513,0.2908052696965609,256,0.29311041716647895,51,0.3066232056941128,506,0.31164387009731054
417,39,0.12831586715488255,64,0.1375785715982464,223,0.1382234152668567,444,0.14700146672485187,274,0.16167337309312343,8,0.17674059649986576,22,0.18119289738168062,248,0.18327106792618475,231,0.1843547583956372,484,0.1894240006327894,326,0.19041861330095292,43,0.1919498678886934
418,213,0.11330281848009113,42,0.11465429072289286,498,0.12498497828274081,491,0.1592963229608459,175,0.17214301213935684,407,0.17402619672645514,410,0.18156519731957863,520,0.19066923306952405,159,0.196907592558949,274,0.19741469315689608,236,0.19961604677031913,231,0.21029007853966
419,492,0.03844543791999905,329,0.04699296107670501,147,0.062284447793700265,126,0.07279294429332425,28,0.0792833985878549,379,0.08214976545294216,420,0.08298102837816412,389,0.08797478726605877,114,0.0880258309251378,108,0.09163735333933946,47,0.09601254095215211,386,0.10085201211533866
420,170,0.04711290876345076,299,0.04906887361854713,68,0.06308072369944473,329,0.06480305380174738,389,0.08074269583033912,419,0.08298102837816412,239,0.08690619234698785,216,0.09928550935216073,492,0.10160966026753046,351,0.10921193273757777,147,0.11345997674202676,339,0.11347803706884423
421,37,0.08738805632636203,84,0.10197973822896769,396,0.10680624387014775,466,0.10909231918943406,113,0.11545132280341493,242,0.12182728727846931,445,0.12229371159893873,148,0.12786917518157148,475,0.13002021627331659,70,0.1356574638829173,78,0.13768553527773675,302,0.13785899417898187
422,184,0.050233218384756764,173,0.06835958657431108,428,0.06877666398434046,438,0.07617806817421754,478,0.12439425348246899,191,0.12512094730524187,515,0.12824197079395977,435,0.12844637283400456,71,0.12942885745757135,316,0.13003409835841148,465,0.13038272636113696,345,0.1305592921897827
423,250,0.12976326633627916,187,0.20113215266588735,11,0.2089188077400884,448,0.20913502095115497,496,0.22205716558590674,378,0.23304036144750323,510,0.24942735993486456,425,0.25038731110738843,25,0.25041334232654006,181,0.2553868075197125,281,0.2705227377686001,499,0.2731852415746145
424,520,0.09785435294245089,6,0.10611169643015811,401,0.13029048215763708,280,0.13179911588682822,488,0.1485311536991888,361,0.17294551963092,498,0.18608043122126516,42,0.18636837208002946,274,0.18848893022060395,60,0.18854304081216433,344,0.18936912548881232,136,0.19371848002349584
425,283,0.07187977540140363,281,0.08869686936874302,228,0.0985815781608541,434,0.11040394922563768,142,0.13236493684105718,496,0.1372876549839612,181,0.15688394592069893,10,0.16903166146258464,313,0.17263893869344585,435,0.1727354541251333,288,0.17884682468027605,330,0.18547973229685374
426,215,0.2469629612785178,262,0.2974453548475327,140,0.3549442761634362,146,0.35756125287792273,74,0.37390607395574776,34,0.3822037439176621,167,0.398176370731589,393,0.4044388892287853,177,0.4044769277753074,288,0.4045270759390041,313,0.41020417447993607,92,0.44068279147370315
427,363,0.1297793148410977,97,0.13825216140376195,151,0.14680044866638128,12,0.20350844384904157,221,0.2151828956927859,347,0.23804388250742722,483,0.24562428324902275,266,0.24665543580785596,315,0.26481520232084316,504,0.2725988474470849,455,0.27357660366853487,432,0.28230701038167993
428,478,0.05847247380047818,422,0.06877666398434046,184,0.09708737128135485,173,0.09828925320157668,514,0.10612701212325311,153,0.10858927469546135,392,0.11731817437712892,35,0.1189368703630863,438,0.124924947473719,116,0.1252591790774461,99,0.12737326452647713,323,0.13029193339567202
429,32,0.08343480468518709,151,0.2221878180519318,363,0.22953656535358974,12,0.23607523390184557,347,0.24782538029193552,432,0.2731513333807316,404,0.29233561524024404,504,0.30643272575212693,205,0.308030780405036,483,0.32311336176278743,221,0.33809560553234685,190,0.33930049942321244
430,356,0.03552571806882692,186,0.040254385655170644,144,0.06592805299583998,7,0.12196483298545915,128,0.12595945566552852,355,0.13522026059072614,231,0.14659855469546829,371,0.15890677317783142,159,0.18840474231784793,265,0.19500280904410064,50,0.1964926115386915,218,0.243076186997894
431,159,0.18567546243349692,418,0.21820879073597452,185,0.23513738425251782,356,0.23702390724828318,190,0.2486346554443819,371,0.2495181151877427,175,0.2515116319077754,186,0.2533702221094009,430,0.2656733369633811,218,0.2661063622950482,236,0.26820628813136854,144,0.27809858276157357
432,347,0.04902927604933695,504,0.06877994954330587,404,0.12583024123067557,151,0.16360753062669786,190,0.17134274450591,363,0.1772346712587984,32,0.19043387267663042,221,0.20055576666179936,455,0.22543619900979234,36,0.2272071435086705,300,0.2673673113977985,429,0.2731513333807316
433,20,0.04176993886516908,390,0.07822397889127364,30,0.09379716643909962,516,0.1015745179673273,80,0.12221845863115179,209,0.1222970748300653,374,0.1272118474553393,49,0.1277407436007117,85,0.12791045971958337,83,0.12853879962644948,405,0.12992293115799974,27,0.1310012892966366
434,283,0.0630013501373786,142,0.08047535242837818,425,0.11040394922563768,281,0.12039901794030589,228,0.13287181504387482,248,0.13770273248736942,43,0.1382786699834891,275,0.14365063286775834,465,0.1586610304856285,103,0.17088721530921186,345,0.17127407728673008,53,0.17534606447298864
435,499,0.0692662724238936,354,0.09539651086763104,438,0.09751598780779676,96,0.09845291776904273,172,0.10440376015845952,71,0.10660438359754644,181,0.10668789402549615,81,0.10746433524986215,316,0.11136259509894122,173,0.11170740418595122,284,0.11264932829504347,76,0.11441186881260015
436,449,0.045870184611450114,310,0.0517019656558934,106,0.06373787661282915,73,0.10818154497194093,305,0.11003553922584981,139,0.12672160821749962,470,0.1321296934040994,125,0.13539058531466058,385,0.13651806927110763,120,0.1389129150556065,518,0.1459174270910609,343,0.1462289143875787
437,2,0.08179088267311119,510,0.09674450121438935,240,0.11344132280821116,330,0.1147987377909616,254,0.1379026785399461,181,0.13952861596998362,134,0.14448690762303237,216,0.17970400686369126,339,0.18227677522017488,307,0.18342706708316248,389,0.1845523752625958,239,0.18458669906732436
438,173,0.06169015880605131,102,0.06464434576824866,191,0.06898038905352108,316,0.06928617562857195,71,0.07019497542823247,422,0.07617806817421754,349,0.07928301937471974,284,0.08301439336254272,81,0.08881694953304062,515,0.08907261617831813,273,0.08942488442996277,172,0.09073767883456693
439,269,0.11728007931522871,5,0.12814171971199742,370,0.1364001200510866,453,0.17109791459480128,270,0.1871513891023264,367,0.1884353021787451,52,0.1917552781936919,189,0.19759444970951373,308,0.20462253050328374,14,0.21886026755750676,51,0.2417083773603258,380,0.24203638963856225
440,274,0.09771642743925116,64,0.098343002205712,498,0.10941681505275815,223,0.11675992104191307,42,0.13262322020574152,213,0.13496419144895,231,0.1419726642476175,410,0.15599551541009063,175,0.16319343062332517,17,0.1716445164702598,136,0.1883465458290267,7,0.18956435818153844
441,350,0.08601917984660595,122,0.09776223928550606,145,0.11714379170699188,285,0.11812641985986125,505,0.12602082459556455,406,0.12793073264263646,182,0.15545265189744542,372,0.15912906780282327,447,0.16306639927630728,289,0.18004880759821937,317,0.18728977371506006,515,0.18834736521607154
442,279,0.03647271176625761,227,0.0681194541270573,351,0.07797921171047917,8,0.08761016078230462,241,0.10194016543970799,17,0.11066956412676641,354,0.11280577930581914,90,0.11642407671762957,68,0.12251727620446513,3,0.13398690145582956,420,0.14524741258611504,329,0.14671028027207106
443,96,0.07465867347708162,54,0.08155334327931665,405,0.09219254789026105,27,0.09220927025334857,48,0.09556176540414879,30,0.10417593808599047,172,0.10969691584166551,237,0.11152194092143736,89,0.11303327904741359,71,0.11967635759295618,20,0.1345269406867282,435,0.1394847213552596
444,39,0.13791548546904966,162,0.14635544936293404,417,0.14700146672485187,179,0.15595237441753265,64,0.15941916868687597,22,0.1632316114174639,326,0.17018161137407578,422,0.17860225345414474,345,0.17960407344536275,465,0.18021881051610747,484,0.18114747142062224,184,0.18176215387797687
445,475,0.019082597896739495,168,0.061149290065323464,70,0.06841904415256389,396,0.07176770573736208,324,0.07948189742340632,78,0.07972751332476459,82,0.11753250207212662,143,0.11775250221419241,272,0.12031973614784669,421,0.12229371159893873,412,0.12248901084814375,338,0.12251398094103219
446,278,0.2889562468477821,289,0.3500227935193632,94,0.35315920061062367,199,0.3573366604521448,519,0.36689515947803275,79,0.37528449917949647,121,0.3807433659361702,369,0.38338541276052496,411,0.38481518011090804,13,0.3866296666643395,91,0.3912583856546728,171,0.3939453155893537
447,145,0.04794912713520754,372,0.0991283016796242,285,0.12126131846714151,206,0.155223606811466,441,0.16306639927630728,193,0.16617888016570706,350,0.17293393116598813,235,0.19262344137060064,486,0.19281343708162613,502,0.19694958764524648,332,0.1972493795496539,342,0.2004213365924584
448,11,0.11932654056666059,187,0.13752722682963803,378,0.1577873776726083,261,0.1645715209955095,496,0.166294248466592,249,0.16955215068891022,423,0.20913502095115497,163,0.2156962327227711,262,0.218117857715417,511,0.2267835946323098,79,0.2427714898029518,250,0.24393845634943512
449,436,0.045870184611450114,106,0.046368463559541453,310,0.08823857286633285,305,0.09244030809340878,73,0.09860360536078763,225,0.12500736494765227,343,0.140481239125777,381,0.14669322914920488,325,0.14897898891805714,125,0.14966201124285242,139,0.15078761189454706,120,0.15199358428816806
450,320,0.01264628861949802,346,0.049067897300457824,154,0.04910651243583065,287,0.05816433693532899,157,0.06470526614556284,322,0.07044389652033389,467,0.07189425640113087,373,0.07733582872847446,152,0.08080212322438053,318,0.08162445126296727,360,0.08374114419098548,357,0.08418024953070248
451,88,0.03442601641432246,47,0.05934220990671673,114,0.06930906762232274,377,0.07326673201445548,108,0.0780954866335187,379,0.09047191080794437,325,0.09137121140648205,126,0.11245850785786474,28,0.11695011836586043,492,0.124875002845169,147,0.13111901376768725,419,0.13332529255664965
452,200,0.06938633224768752,338,0.09037726174615142,82,0.10648245969642356,96,0.10838947879253161,293,0.11113881659672359,412,0.11121589970416958,129,0.12146515821732241,475,0.12280090007315213,166,0.12492651297242814,210,0.12595209300904864,237,0.1272464567467322,180,0.12764947045657907
453,52,0.07634578697432828,189,0.0801792978358492,269,0.11819626052858763,258,0.1359685832631573,367,0.14638635906327557,65,0.14991407369514104,5,0.16817546543272094,466,0.16919097558049606,112,0.16999608682793393,439,0.17109791459480128,51,0.17400483637737005,370,0.17734445673776403
454,130,0.0675506663015319,36,0.08056977445571017,303,0.11707204213590112,404,0.21858355819034908,155,0.25735012293056075,285,0.270287159210377,221,0.2800028132523484,504,0.2828286662189145,292,0.28497239376459377,350,0.2906528792205839,333,0.2918965655973474,232,0.29304000438996136
455,190,0.1613364348011499,504,0.16596324483853933,456,0.1662971806137895,291,0.16895825675901507,300,0.20253382704169082,328,0.20571654281603324,218,0.20907720185075607,175,0.21022461909526582,161,0.21453487664483067,162,0.21921555989156372,226,0.22390004744412895,432,0.22543619900979234
456,161,0.08098543539254657,226,0.11086570088760785,198,0.11591564853007792,392,0.13656042041781746,157,0.14672778678234508,346,0.14688099106112554,287,0.14718039039820183,318,0.1490021791194089,512,0.15044547339365177,267,0.1505221707276295,457,0.15063328467059175,222,0.15069750496043824
457,409,0.028655869001357092,332,0.04945730793049166,507,0.06098258243884801,267,0.06114598369123076,392,0.07271977244630079,18,0.07372663370562907,222,0.07501962762883523,373,0.07643987251743929,157,0.07696335232649028,512,0.07701044068901085,287,0.07965926375303267,357,0.08394076558216916
458,336,0.07486428674427456,104,0.14168822520334848,9,0.14223109533428524,296,0.1634275615504073,489,0.19391215576037993,168,0.1963718154745679,70,0.19648048001410134,78,0.1985638658293092,263,0.20648014165165518,143,0.20983486849067437,286,0.2124997976564872,87,0.21331550984873468
459,485,0.33874026604416035,14,0.4998489342977708,501,0.5407352112238495,270,0.5471919545876572,439,0.577561452894627,370,0.5824474890448033,506,0.5828090348823595,5,0.6175177544939958,269,0.646892866660384,513,0.6541977839890779,119,0.6554263339873854,245,0.6584444830153332
460,395,0.11555409478593735,493,0.12871905184016108,391,0.1325229178291973,220,0.13258735439698746,207,0.14389567877379486,238,0.1442642347505791,224,0.1479129094996397,211,0.1517684626148887,56,0.15232892720288513,101,0.1555986844106513,15,0.16127771513894731,117,0.16180868545708674
461,383,0.04440315792980628,503,0.05488795341397902,314,0.08095171465066395,353,0.08344990587568876,337,0.13501795498409963,40,0.15814003974239185,313,0.16154916316491486,244,0.17264715698998037,288,0.1733327731071138,443,0.18202184667904384,105,0.18367743134020675,391,0.1886268536598692
462,197,0.03802979749523328,386,0.1324071843913422,28,0.13522954938424855,160,0.14219472518794204,63,0.14295561718900826,379,0.1449683581680595,372,0.15866836484018565,31,0.16808375044879473,44,0.16856135396189445,247,0.17293534747169698,307,0.1731121728789628,389,0.1746275282588438
463,92,0.09889731547982766,33,0.10110983476391971,364,0.10205136346764239,312,0.10713793973391385,164,0.12070423493876924,508,0.13975159169418155,177,0.14349647738345317,101,0.17672623889533692,399,0.18438800063369074,330,0.18665786005336,109,0.19028905422336748,479,0.192591989811581
464,137,0.09415060185902017,482,0.1372607499711428,93,0.1878969807941046,381,0.19327783331586137,480,0.19714009177260067,57,0.20027302864301194,276,0.20911038322898076,508,0.21044000223754447,233,0.21323421376233193,192,0.23548263671039976,463,0.24963249506211463,195,0.2637317354564624
465,345,0.036829038479440926,275,0.04878379066649062,179,0.055595636983493416,323,0.07088763826937022,43,0.07171968323479926,15,0.07669442657089363,414,0.07876923412567885,99,0.07907534028112337,248,0.08867824607128122,116,0.10286953307895289,142,0.10401569022226106,22,0.11034790551585191
466,84,0.023453677628714396,113,0.04980419279728087,65,0.06932569056503102,242,0.07363308600819235,112,0.08551515859531358,396,0.08570962573314184,476,0.08929082686958989,37,0.10411443372194099,302,0.10566290807519291,421,0.10909231918943406,148,0.11130503742958374,258,0.13550762635698138
467,318,0.0206521164720182,346,0.07016306273653398,450,0.07189425640113087,320,0.0780807446536679,287,0.08374289483410342,157,0.08630265376293113,35,0.09209669757875834,392,0.09462826206592408,479,0.09744848127171352,154,0.10125072195083624,264,0.11495871038938557,322,0.11705548733540382
468,474,0.11621613974089795,111,0.13100086424530386,214,0.16771972499670923,193,0.17424273767356271,206,0.18724581884837105,365,0.198027376472449,155,0.2027444980397194,292,0.21018016602551662,333,0.21078688892472147,447,0.21867620162482349,202,0.2191263129326475,285,0.24316704421370308
469,171,0.11229523313297861,433,0.1400772719823956,412,0.14789657677652668,20,0.148774064273789,49,0.16503648301900636,390,0.17083387257031238,302,0.17222537610543176,30,0.17739020948214737,443,0.18083270964390166,13,0.1887217765964805,516,0.18874339529882128,148,0.18877449578666414
470,277,0.08275219257268539,310,0.09354520342851096,207,0.09854851624893035,518,0.12595597926645974,364,0.1316695506156087,436,0.1321296934040994,164,0.13366252418097888,139,0.13471400988230603,116,0.14029655599038018,385,0.142469965814491,340,0.1459712205162056,312,0.14797965485826933
471,117,0.13065388797473904,26,0.20428583012398474,217,0.2177653128426503,220,0.22839973648358217,493,0.2288103457622306,219,0.23381178097189528,395,0.23750134047351254,167,0.23851080206868888,127,0.2479441489076246,177,0.25247886675816095,460,0.25564777982010767,230,0.2585909941528305
472,230,0.04131392765500033,217,0.0730436339010322,127,0.1120576121005544,219,0.11360185674843551,26,0.12818645185830482,327,0.1342618197267961,167,0.158352330366327,322,0.15928889820420308,224,0.16023136673486532,154,0.16153779867175475,56,0.16401997138326763,479,0.17513028000033784
473,331,0.0772868106387706,178,0.1188106600903877,509,0.13733492081052115,401,0.14211601853709294,374,0.15224517430277718,60,0.16057659785948633,361,0.18298226368365736,306,0.18456441938070867,258,0.18544830383489147,302,0.1868898373015075,6,0.18950916462551629,421,0.19257479586635634
474,111,0.08636956768633675,468,0.11621613974089795,333,0.18420603736414784,214,0.21092148656971094,193,0.21233084719704046,206,0.21705565242336483,202,0.24271458498458182,24,0.2856469914633101,365,0.3011340613883799,221,0.3070482909677385,447,0.3083847944891334,155,0.30902793334858997
475,445,0.019082597896739495,168,0.06267065628882172,78,0.07999836374908639,324,0.08304222713229445,70,0.0851578870843141,396,0.08871954136177318,338,0.10445764437157982,82,0.10571386921284832,272,0.10808173459427478,143,0.10822823542502977,200,0.11572389502135282,412,0.11961369378292665
476,466,0.08929082686958989,84,0.09101402881056579,113,0.09215265809724359,242,0.1008387659832417,396,0.1078211792471941,65,0.11595865077086794,112,0.12407574629904129,412,0.13551705381335724,70,0.13775307308627568,148,0.13959947601089293,302,0.14390515028846282,445,0.14407602020995366
477,160,0.06709108682151042,377,0.08792376875657387,63,0.1325668282846373,386,0.13469205448477553,108,0.134817939184379,28,0.13494549327088756,379,0.14021334856921022,73,0.14497474455394008,307,0.15444347249693108,88,0.1544858326738269,402,0.159298316164763,451,0.15947817730046154
478,428,0.05847247380047818,514,0.08300986505024116,518,0.09958552847956585,512,0.10603491723998695,392,0.11010511910461562,254,0.11123684942715985,35,0.11287314694194635,222,0.11696205139133345,479,0.12256334067123452,422,0.12439425348246899,385,0.12663977978667193,486,0.12666081975589547
479,35,0.038110166644753043,318,0.08292117217542475,467,0.09744848127171352,399,0.12137079684219965,478,0.12256334067123452,222,0.12826452767081656,512,0.1288766641875118,392,0.13043360659539344,127,0.1306537371216738,101,0.13289634386737775,514,0.13495211321723388,157,0.13615175723003412
480,381,0.07592577530799316,93,0.15353912954140647,243,0.16865175956061876,57,0.17031523716629773,449,0.1707873278912039,125,0.17370323485548486,120,0.17397722029214258,139,0.19504016690833514,436,0.1960452748625074,464,0.19714009177260067,301,0.199538202432995,106,0.20452711377605068
481,359,0.06301752110682052,59,0.08234396831650018,136,0.1358053707871071,200,0.13902244744128597,198,0.14282357697795767,398,0.14730365225195455,180,0.15069375370144358,387,0.15138567474773526,237,0.1529094367282144,129,0.15615993682309443,348,0.156787271032033,1,0.15842235868580384
482,464,0.1372607499711428,137,0.17984908444912118,480,0.23478545454782784,276,0.2553261043615641,381,0.2618203646184683,243,0.26331405865049373,93,0.2878212447189578,463,0.28839358933659337,57,0.29796058151091825,508,0.30062433506888975,77,0.30907840132848996,312,0.3111707831223684
483,427,0.24562428324902275,363,0.25756487052274524,151,0.2730391637550716,190,0.304486136305136,12,0.30955022429828855,32,0.3157767702457054,97,0.31796402474934915,205,0.3206953171595844,429,0.32311336176278743,455,0.33288338774978693,347,0.3329742087024149,504,0.3364277411213329
484,326,0.06796584973681079,89,0.10370717108503268,282,0.10496801934713601,54,0.10742785854926308,39,0.1200526594235794,271,0.1273898934182822,408,0.1274400872541982,103,0.12927693045846692,244,0.1315554123903772,105,0.1335016891541115,179,0.13846316767160274,275,0.1497256734809069
485,501,0.23197271662986726,270,0.23740446635199727,506,0.3017270897812963,370,0.3095496671252856,513,0.33714413001292687,459,0.33874026604416035,14,0.34404298783420756,439,0.34947159421576324,5,0.3807058495140254,269,0.40749763480430434,51,0.4218384024394427,119,0.4464791289845666
486,490,0.04366639266625812,342,0.048592014873857774,339,0.05021623310167272,502,0.05177651823019253,216,0.06099460090429796,44,0.06158261796684143,235,0.06361965583638171,415,0.08541083569218452,514,0.08802078410753954,332,0.09853802834605102,389,0.0994611426307061,512,0.10648082992928311
487,295,0.03660275888022929,141,0.09849970597992645,368,0.12184952190389534,266,0.12227218606622244,402,0.13215979732229452,156,0.14222450820635824,23,0.15498304179309996,194,0.1570754959034265,61,0.17073011019670725,247,0.17284523666815324,415,0.1796755845238617,214,0.1801254565490926
488,407,0.1064536955723007,520,0.12608511742111697,491,0.13876415933898198,424,0.1485311536991888,361,0.19508075747155124,344,0.19579470622859824,306,0.2233849103248478,401,0.22928057956005204,6,0.23202115501267678,42,0.2361951217451804,280,0.23630896997147524,517,0.24479855003334314
489,286,0.020488294667864504,272,0.0731891869023869,87,0.07319692891253815,143,0.07399872815545135,158,0.09006739302568213,376,0.09719250131947015,293,0.1119841127392833,78,0.11214646560353947,210,0.11440951364907619,166,0.11660488441349372,338,0.12126464101853884,168,0.1229521507754407
490,486,0.04366639266625812,44,0.0482815059808424,342,0.059443110707918925,339,0.06200903036965217,216,0.06494078934526755,502,0.06995985740324462,415,0.08261393605396442,389,0.08438456649060441,235,0.09398428927448035,63,0.09918580590416838,514,0.11466360464876614,239,0.11559658630305175
491,407,0.059229153419930174,488,0.13876415933898198,418,0.1592963229608459,520,0.15951055286756408,185,0.2125466326103422,42,0.2144668799679563,335,0.21544062589615118,213,0.2204793332461943,498,0.22623414614886936,344,0.22788590908241826,424,0.23321577075882705,150,0.23536445005375045
492,147,0.024406396733850297,419,0.03844543791999905,329,0.041306875231200135,126,0.06265894359280283,114,0.07921182467149854,47,0.08080893856346898,379,0.09573789372982498,241,0.09677823407614494,420,0.10160966026753046,88,0.10291955371388695,28,0.10501548780947116,108,0.10595184074456
493,219,0.08179149396647312,220,0.11664196303068618,56,0.11940617212986775,460,0.12871905184016108,217,0.13017259928109884,127,0.13467824161158043,117,0.14417163787632709,224,0.15034097819321335,494,0.15475869504398604,132,0.17375285726367803,395,0.1796388928262031,397,0.18006428646570777
494,132,0.0276025171059897,397,0.03676214130951749,56,0.05709070872566864,220,0.08091315695845437,224,0.10029618267717283,408,0.1361398573046542,271,0.1363452625437218,391,0.1412542333267752,394,0.1484884464135004,219,0.15434294633982734,493,0.15475869504398604,211,0.1564361523511378
495,510,0.16188574159155958,2,0.1788324147157116,47,0.17958102590539282,126,0.17970224240090424,147,0.1831563078136167,492,0.1896501832660952,325,0.19797293694911577,241,0.1985485383267936,329,0.1990914321563104,88,0.19932853682876525,25,0.20384256321546237,114,0.20404154632126686
496,281,0.12225247989541575,228,0.13546203669514764,425,0.1372876549839612,313,0.16608609724757062,448,0.166294248466592,288,0.173245171318923,283,0.1820800118045309,423,0.22205716558590674,378,0.22465466983448124,181,0.22746605039227966,434,0.2287426952471029,250,0.22971067372039422
497,85,0.03365881120161266,80,0.040099484745112,209,0.0493684933678592,358,0.05125301123023733,180,0.0521021788406795,294,0.05454423823314667,81,0.06441459714323278,387,0.06812099960773281,516,0.06884331301497905,76,0.07154222282374088,83,0.07929462596510545,172,0.07947984752128238
498,42,0.06460962084165442,213,0.06709598674827158,410,0.08746008837689774,274,0.10893829095005425,440,0.10941681505275815,418,0.12498497828274081,520,0.1570981239487285,175,0.15913163185285092,231,0.17293344590890086,223,0.18071184846490088,424,0.18608043122126516,64,0.18922931885015015
499,435,0.0692662724238936,316,0.09108438165483186,3,0.09488615590303753,354,0.09738846329153701,81,0.0998695782826494,515,0.10150610282745594,240,0.1019980925849375,90,0.10452654612518364,76,0.10742219516719058,284,0.11042146548128044,294,0.11343321925147098,102,0.11363109068266217
500,362,0.13772177850210324,107,0.15854952805048342,413,0.16675688857153728,403,0.16741476563651922,421,0.19342969923118825,37,0.19367023547028345,49,0.20437941957567685,466,0.2074571358824532,84,0.20842620693082195,113,0.2085939368927921,40,0.21109167105331142,242,0.21259375169310965
501,513,0.20164547872531122,485,0.23197271662986726,270,0.24397104833739397,506,0.3189863825706967,370,0.3499638530234839,119,0.36452318410205875,416,0.38013461867194037,14,0.3813964571883366,5,0.3818172580494333,352,0.38198560478301047,439,0.3854582999440955,123,0.3933846936345924
502,342,0.019040380330546332,486,0.05177651823019253,415,0.05275326322464724,490,0.06995985740324462,44,0.07461587957668081,368,0.08143031115585231,514,0.10013438630874083,235,0.10042707672780457,512,0.10092416974975812,339,0.10185977901629147,222,0.10721605918501273,254,0.10887143667122924
503,383,0.012195121951219523,314,0.026163219396389565,461,0.05488795341397902,353,0.10724296361444366,313,0.13003685698909168,288,0.13861586355635114,391,0.15636222756265483,40,0.16001320753947673,244,0.17840163015666552,10,0.18058441703636638,337,0.18131817796531174,132,0.1863405046405374
504,432,0.06877994954330587,347,0.08682454705227041,190,0.11168425207240565,404,0.14493265117991747,455,0.16596324483853933,151,0.1811598685182306,363,0.1885959680587726,36,0.21595313161388643,221,0.21808217332511556,32,0.22788602507912775,300,0.2409807581931383,456,0.2444229663993559
505,182,0.040512452976716705,441,0.12602082459556455,294,0.1273767117686046,406,0.12894981313149845,388,0.13155909832950674,90,0.14027855176875043,3,0.14370462732491687,122,0.14381633390779697,497,0.14693410044963642,81,0.14816566242568727,76,0.15561440620277536,358,0.15585618104238347
506,51,0.15384399391176368,270,0.18754427579265331,370,0.20160459826649468,513,0.2212649000600098,5,0.22258164716248954,269,0.23381137838833005,123,0.24567243377847095,367,0.2678913399821779,439,0.27160932930159387,453,0.27713388216935836,485,0.3017270897812963,256,0.3029601565702677
507,18,0.015744786593409887,409,0.054817866396468934,357,0.05676689742641228,373,0.059199226409007724,457,0.06098258243884801,131,0.07161416423330993,157,0.07164187299793892,287,0.07444226445072875,61,0.08477648606577133,222,0.08906602513533331,226,0.09429443215842019,327,0.09661109414983987
508,57,0.0625262807066595,192,0.10211227394626214,364,0.12849667504751083,164,0.13293204897933483,463,0.13975159169418155,330,0.14532508215537174,381,0.16396152503437916,312,0.1704273154329236,101,0.17316538283052194,33,0.1757824304087511,116,0.17584636505222245,53,0.18326578831911736
509,178,0.09261321202809326,72,0.13006952859091028,473,0.13733492081052115,331,0.1409629269168711,306,0.1627397459748787,361,0.1818802143907675,401,0.2067935368426543,138,0.24502524643535584,380,0.25645430571114003,252,0.26101009224889804,189,0.2613940426070627,52,0.26202629106917635
510,2,0.08367390140853302,437,0.09674450121438935,25,0.12955057203524664,495,0.16188574159155958,240,0.18111954926941864,330,0.18743366460518932,181,0.19616978735960897,192,0.20054716219770585,259,0.21251812602185707,307,0.21562777706298844,57,0.21710506940435972,254,0.2307109306666033
511,163,0.012914073013766538,261,0.08533927483245354,378,0.08886818591295995,249,0.09416582056755338,109,0.20067134014348073,69,0.21587169773007708,262,0.2199298482430733,181,0.2230666880145069,298,0.22667353085416392,448,0.2267835946323098,330,0.23285233820844578,29,0.2365628296004782
512,222,0.0133098710872043,514,0.03679942632598554,392,0.053040357554140063,457,0.07701044068901085,157,0.07991008512562489,287,0.08630967997114387,332,0.08742357114368181,409,0.09531643806401606,235,0.09624162567399688,507,0.09865325345959791,502,0.10092416974975812,18,0.10272807523440076
513,501,0.20164547872531122,123,0.21161845906606813,506,0.2212649000600098,270,0.26193598736600726,51,0.28721610741993925,352,0.2890830347752012,416,0.2908052696965609,485,0.33714413001292687,370,0.34072762039878945,5,0.3487921683586309,196,0.34946720327855296,367,0.35235634868490323
514,512,0.03679942632598554,392,0.0423664323838715,222,0.0496582676121897,235,0.07262622220567123,332,0.0756292958600323,478,0.08300986505024116,457,0.08741543323993947,486,0.08802078410753954,254,0.09938198445369491,502,0.10013438630874083,157,0.10478524170848726,428,0.10612701212325311
515,316,0.04128573693388998,239,0.052800219310762,3,0.061341253363852086,173,0.06252967576898637,299,0.0672903769529643,170,0.06952373301892723,102,0.07873786037127245,90,0.08550796939369074,438,0.08907261617831813,349,0.0938037795020655,499,0.10150610282745594,81,0.10159455098454735
516,80,0.029587638500001515,390,0.03315698375244503,85,0.0404296324967665,209,0.048786885120754395,497,0.06884331301497905,83,0.08000110269760546,30,0.0812084480247406,20,0.08487159289625872,76,0.091331772934713,387,0.09411873989283272,341,0.0971227671427207,294,0.10037405935483106
517,413,0.17123056887821292,361,0.21749144851200075,306,0.2185703938743007,488,0.24479855003334314,401,0.26080501141631257,6,0.267064808117903,60,0.26757580775760625,424,0.26927472006296416,39,0.2740648824470797,136,0.2778103794085237,398,0.2780237212052327,208,0.2869718589163965
518,385,0.07335091341789318,478,0.09958552847956585,310,0.105445779227707,364,0.12281994220491413,470,0.12595597926645974,399,0.13503465931230743,139,0.14023151237282827,116,0.14056269775627628,436,0.1459174270910609,428,0.1459909824167749,340,0.14784827227835573,479,0.14882779091105008
519,94,0.1266342837215435,229,0.13240486645728686,199,0.14253640252091446,369,0.20049448665001468,411,0.20541904740968606,91,0.2089571884578297,149,0.21628565638058836,86,0.24757253962104278,388,0.24958606919839332,319,0.26309624294925993,324,0.27582464255007355,289,0.2765696130064867
520,424,0.09785435294245089,407,0.1190972091409984,488,0.12608511742111697,498,0.1570981239487285,491,0.15951055286756408,42,0.16469163241147827,280,0.16851697874360166,344,0.17745087207906637,213,0.17829954686677008,6,0.1783336035933435,175,0.1883775311770024,136,0.19059731787456044
